14 0.785625 0.123125 0.30625 0.24625
14 0.526875 0.146875 0.29875 0.29375
14 0.2725 0.193125 0.3175 0.33125
14 0.70625 0.3175 0.3125 0.34625
14 0.441875 0.376875 0.31375 0.33875
14 0.86625 0.511875 0.2675 0.35375
14 0.6275 0.56875 0.315 0.35
14 0.35625 0.634375 0.3325 0.35875
14 0.821875 0.756875 0.33375 0.3625
14 0.5475 0.825 0.3375 0.35
4 0.01625 0.135 0.0325 0.0725
4 0.028125 0.156875 0.05625 0.06375
4 0.016875 0.195625 0.03375 0.06125
4 0.035625 0.2125 0.07125 0.0625
4 0.024375 0.25375 0.04875 0.0625
4 0.04125 0.273125 0.0825 0.06375
4 0.0275 0.310625 0.055 0.06125
4 0.049375 0.329375 0.08375 0.06375
4 0.033125 0.36875 0.06625 0.0625
4 0.06125 0.389375 0.08 0.065
4 0.069375 0.44875 0.08125 0.06125
4 0.078125 0.50625 0.09 0.07125
4 0.0575 0.545625 0.0825 0.065
4 0.0675 0.6025 0.08375 0.06875
4 0.10375 0.626875 0.0775 0.0675
4 0.0775 0.666875 0.08125 0.06625
4 0.113125 0.6875 0.085 0.06625
4 0.124375 0.745 0.09 0.0675
4 0.10375 0.790625 0.085 0.07
4 0.14 0.814375 0.07875 0.07
4 0.150625 0.87625 0.09125 0.07
4 0.12125 0.91875 0.08625 0.07125
4 0.16 0.94125 0.08625 0.0725
4 0.133125 0.973125 0.08625 0.05375
4 0.17 0.98625 0.0925 0.0275