14 0.52875 0.093125 0.3825 0.18625
14 0.333125 0.179375 0.37375 0.35875
14 0.170625 0.353125 0.34125 0.39125
14 0.583125 0.236875 0.39625 0.39875
14 0.386875 0.424375 0.39125 0.39375
14 0.819375 0.313125 0.36125 0.39625
14 0.644375 0.493125 0.39875 0.4025
14 0.445625 0.689375 0.415 0.4175
14 0.849375 0.55375 0.30125 0.42
14 0.711875 0.759375 0.42 0.4225
4 0.016875 0.5425 0.03375 0.0875
4 0.014375 0.5875 0.02875 0.085
4 0.035 0.585 0.07 0.0875
4 0.034375 0.631875 0.06875 0.08625
4 0.066875 0.630625 0.0875 0.08625
4 0.104375 0.678125 0.08625 0.085
4 0.14125 0.723125 0.0975 0.09625
4 0.144375 0.7675 0.08875 0.0875
4 0.181875 0.810625 0.0925 0.09125
4 0.225625 0.8125 0.0875 0.0875
4 0.22375 0.860625 0.09 0.08875
4 0.265 0.86 0.09125 0.09
4 0.30375 0.90375 0.095 0.09375
4 0.31 0.953125 0.09375 0.0925
4 0.35375 0.955 0.09 0.08875
4 0.39375 0.976875 0.0975 0.04625