14 0.89625 0.29625 0.2075 0.36
14 0.716875 0.203125 0.33375 0.35125
14 0.469375 0.15 0.35125 0.3
14 0.771875 0.454375 0.35125 0.375
14 0.515625 0.365 0.35 0.36875
14 0.81875 0.713125 0.34125 0.38
14 0.57125 0.625625 0.35375 0.38
14 0.306875 0.5375 0.37125 0.39
14 0.63625 0.845625 0.3725 0.30875
14 0.364375 0.804375 0.37625 0.39125
4 0.254375 0.021875 0.08625 0.04375
4 0.21125 0.033125 0.09 0.06625
4 0.230625 0.064375 0.0875 0.07375
4 0.188125 0.081875 0.0875 0.07125
4 0.208125 0.11625 0.0875 0.07375
4 0.166875 0.136875 0.0875 0.0725
4 0.186875 0.17375 0.085 0.075
4 0.161875 0.228125 0.08625 0.07125
4 0.13875 0.281875 0.09625 0.08125
4 0.100625 0.304375 0.0875 0.07375
4 0.07875 0.3575 0.08875 0.07875
4 0.096875 0.3975 0.08375 0.07625
4 0.05375 0.4175 0.0875 0.07625
4 0.0725 0.45375 0.09 0.07625
4 0.05125 0.50875 0.095 0.07875
4 0.0275 0.53625 0.055 0.08
4 0.035 0.575625 0.07 0.07875
4 0.02625 0.633125 0.0525 0.08125
4 0.011875 0.69375 0.02375 0.0825