7 0.065625 0.121875 0.125 0.1575
7 0.19125 0.12 0.12125 0.1625
7 0.306875 0.1225 0.12375 0.1575
7 0.4325 0.125 0.11125 0.15125
7 0.549375 0.12375 0.10625 0.15875
7 0.061875 0.46875 0.12 0.15
7 0.183125 0.46875 0.10375 0.1575
7 0.303125 0.4625 0.11625 0.1525
7 0.546875 0.456875 0.09625 0.14625
7 0.7925 0.465 0.12125 0.16
7 0.19 0.878125 0.12375 0.1575
7 0.30875 0.878125 0.1225 0.16125
7 0.43 0.878125 0.12 0.1575
7 0.550625 0.88 0.1175 0.1525
7 0.6725 0.87625 0.1225 0.15625
7 0.803125 0.875625 0.11375 0.16