7 0.3125 0.023125 0.165 0.04625
7 0.421875 0.054375 0.16375 0.10875
7 0.521875 0.083125 0.16375 0.16625
7 0.629375 0.141875 0.15 0.1725
7 0.730625 0.19875 0.14875 0.17625
7 0.13625 0.25375 0.1575 0.17375
7 0.24125 0.314375 0.14625 0.175
7 0.348125 0.369375 0.155 0.17375
7 0.5625 0.48625 0.135 0.1625
7 0.770625 0.615625 0.1625 0.1825
7 0.061875 0.671875 0.12375 0.18125
7 0.145 0.731875 0.16375 0.185
7 0.250625 0.7925 0.16 0.18
7 0.35375 0.854375 0.15625 0.175
7 0.46 0.910625 0.1625 0.17875
7 0.574375 0.943125 0.15625 0.11375