19 0.3725 0.166875 0.1225 0.12375
19 0.418125 0.24375 0.1325 0.12875
19 0.46375 0.3125 0.13625 0.13
19 0.504375 0.38625 0.1375 0.1325
19 0.5525 0.45 0.13 0.1275
19 0.601875 0.52625 0.1375 0.13375
19 0.6425 0.59875 0.1275 0.1225
19 0.685625 0.668125 0.125 0.12375
19 0.66 0.2825 0.135 0.1325
19 0.75375 0.424375 0.1325 0.13125
19 0.7975 0.506875 0.12875 0.12625
19 0.85 0.574375 0.13375 0.13125
19 0.3175 0.503125 0.135 0.13375
19 0.36375 0.573125 0.13375 0.13
19 0.405 0.64625 0.13125 0.13125
19 0.495625 0.78625 0.13125 0.1325