19 0.32125 0.19125 0.1075 0.10875
19 0.3525 0.275 0.12 0.11
19 0.3775 0.35375 0.12625 0.10625
19 0.409375 0.431875 0.12625 0.11125
19 0.428125 0.509375 0.1175 0.10875
19 0.45625 0.595625 0.125 0.1125
19 0.4875 0.673125 0.11625 0.1025
19 0.51375 0.75 0.11125 0.10625
19 0.23 0.4875 0.1225 0.1125
19 0.28125 0.65 0.1175 0.11375
19 0.318125 0.735625 0.115 0.10875
19 0.3375 0.81875 0.12125 0.1125
19 0.6175 0.360625 0.12 0.11625
19 0.6425 0.44 0.1225 0.10875
19 0.673125 0.518125 0.11625 0.11375
19 0.725 0.67625 0.115 0.11625