19 0.243125 0.2525 0.12125 0.12125
19 0.29625 0.324375 0.13125 0.12625
19 0.341875 0.393125 0.135 0.12625
19 0.39375 0.459375 0.13625 0.12875
19 0.43375 0.52875 0.12875 0.125
19 0.484375 0.604375 0.13625 0.13
19 0.535625 0.669375 0.12625 0.12
19 0.5825 0.73625 0.1225 0.12
19 0.236875 0.5625 0.13375 0.12875
19 0.33125 0.704375 0.13 0.12875
19 0.39 0.776875 0.1275 0.12375
19 0.431875 0.85125 0.1325 0.12875
19 0.574375 0.33375 0.1325 0.13125
19 0.62 0.403125 0.1325 0.12625
19 0.67125 0.47 0.12875 0.12875
19 0.765 0.6075 0.12875 0.13