5 0.61125 0.26125 0.2025 0.20375
5 0.726875 0.34875 0.205 0.20375
5 0.834375 0.429375 0.1925 0.19375
5 0.923125 0.515 0.15375 0.1975
5 0.270625 0.13375 0.21125 0.215
5 0.380625 0.22125 0.20125 0.205
5 0.49125 0.301875 0.19375 0.2
5 0.60625 0.390625 0.2025 0.205
5 0.72375 0.470625 0.18875 0.19375
5 0.8325 0.553125 0.19375 0.195
5 0.92125 0.63375 0.1575 0.2075
5 0.08 0.35625 0.16 0.2
5 0.174375 0.440625 0.2075 0.21125
5 0.289375 0.525 0.205 0.20875
5 0.405 0.61 0.19625 0.19875
5 0.513125 0.68625 0.2025 0.2075
5 0.621875 0.77125 0.1975 0.20125
5 0.739375 0.855625 0.20375 0.205