5 0.509375 0.236875 0.16625 0.17
5 0.366875 0.261875 0.1725 0.16625
5 0.234375 0.285625 0.15625 0.16375
5 0.095 0.31125 0.17125 0.15875
5 0.870625 0.278125 0.16875 0.18375
5 0.733125 0.30625 0.15875 0.1775
5 0.5975 0.3275 0.1525 0.17375
5 0.454375 0.354375 0.165 0.1725
5 0.31375 0.3725 0.14875 0.16875
5 0.179375 0.39625 0.1575 0.16375
5 0.06 0.41875 0.12 0.185
5 0.938125 0.57125 0.12375 0.1725
5 0.816875 0.595 0.16625 0.18
5 0.67625 0.618125 0.16375 0.1775
5 0.535 0.64125 0.15875 0.16875
5 0.40375 0.660625 0.16 0.17875
5 0.268125 0.68625 0.1575 0.1725
5 0.125625 0.708125 0.16625 0.1725