5 0.606875 0.259375 0.2025 0.2025
5 0.724375 0.344375 0.205 0.20375
5 0.833125 0.42375 0.1925 0.19375
5 0.923125 0.5075 0.15375 0.1975
5 0.264375 0.1375 0.21 0.21375
5 0.375625 0.22375 0.2 0.205
5 0.488125 0.301875 0.19375 0.19875
5 0.604375 0.38875 0.2025 0.205
5 0.723125 0.466875 0.18875 0.19375
5 0.833125 0.5475 0.1925 0.195
5 0.923125 0.62625 0.15375 0.2075
5 0.07875 0.36375 0.1575 0.2
5 0.173125 0.446875 0.20625 0.21
5 0.29 0.52875 0.20375 0.2075
5 0.406875 0.61125 0.19625 0.19875
5 0.51625 0.68625 0.20125 0.20625
5 0.626875 0.76875 0.1975 0.20125
5 0.745625 0.85125 0.20375 0.205