7 0.96875 0.310625 0.0625 0.13625
7 0.94125 0.385625 0.1175 0.13375
7 0.90375 0.465 0.14 0.1325
7 0.851875 0.54 0.12875 0.12125
7 0.79625 0.61625 0.1325 0.125
7 0.74125 0.69125 0.13125 0.12125
7 0.691875 0.77 0.13125 0.125
7 0.750625 0.128125 0.13625 0.12875
7 0.696875 0.205 0.13875 0.1325
7 0.645 0.281875 0.14375 0.13625
7 0.58875 0.355 0.145 0.1375
7 0.535625 0.43375 0.1425 0.135
7 0.4825 0.510625 0.1425 0.13375
7 0.425625 0.584375 0.13 0.1225
7 0.37625 0.66 0.13875 0.1325
7 0.32125 0.735625 0.13875 0.13125
7 0.485625 0.06125 0.13875 0.1225
7 0.375625 0.20625 0.13625 0.13125
7 0.10875 0.585 0.1275 0.11625
7 0.059375 0.66 0.11875 0.1175