7 0.371875 0.01625 0.13875 0.0325
7 0.34125 0.059375 0.13875 0.1175
7 0.303125 0.14625 0.13625 0.1175
7 0.27 0.230625 0.125 0.1075
7 0.238125 0.32 0.12875 0.11
7 0.20625 0.406875 0.12875 0.10625
7 0.16875 0.491875 0.1275 0.11
7 0.668125 0.084375 0.1325 0.11375
7 0.634375 0.171875 0.13375 0.1175
7 0.599375 0.2575 0.14 0.12
7 0.570625 0.345625 0.14 0.1225
7 0.535 0.43375 0.1375 0.12
7 0.500625 0.520625 0.1375 0.11875
7 0.471875 0.60875 0.125 0.10875
7 0.43625 0.691875 0.13375 0.1175
7 0.404375 0.78 0.13375 0.11625
7 0.875625 0.26375 0.13375 0.11875
7 0.813125 0.43875 0.13 0.11875
7 0.648125 0.8725 0.125 0.10125
7 0.616875 0.95375 0.12625 0.0925