7 0.0925 0.14125 0.1325 0.11125
7 0.116875 0.23 0.13375 0.1075
7 0.135625 0.323125 0.13 0.1075
7 0.156875 0.41125 0.12 0.09875
7 0.181875 0.5025 0.12375 0.1
7 0.20625 0.591875 0.12375 0.09625
7 0.224375 0.683125 0.12125 0.10125
7 0.399375 0.063125 0.1275 0.10375
7 0.421875 0.154375 0.12875 0.10875
7 0.4425 0.244375 0.13375 0.11
7 0.469375 0.333125 0.13375 0.11125
7 0.490625 0.425625 0.13125 0.10875
7 0.5125 0.51625 0.1325 0.10875
7 0.539375 0.605625 0.12 0.1
7 0.558125 0.69375 0.12875 0.10875
7 0.5825 0.784375 0.12875 0.10625
7 0.6725 0.09125 0.1275 0.10875
7 0.721875 0.27 0.12375 0.11
7 0.835 0.72 0.12125 0.09
7 0.85875 0.80875 0.12125 0.09125