7 0.375625 0.255625 0.11375 0.09125
7 0.415 0.3575 0.11375 0.0925
7 0.461875 0.458125 0.10125 0.08125
7 0.508125 0.559375 0.1175 0.09625
7 0.59875 0.151875 0.12375 0.09
7 0.64125 0.254375 0.11 0.09375
7 0.68625 0.356875 0.10625 0.09125
7 0.726875 0.455625 0.11375 0.09375
7 0.766875 0.538125 0.11125 0.0925
7 0.858125 0.05125 0.12125 0.09
7 0.8975 0.149375 0.12375 0.075
7 0.944375 0.255 0.11125 0.09
19 0.11375 0.524375 0.18375 0.16375
19 0.170625 0.7025 0.19125 0.1675
19 0.25625 0.869375 0.1875 0.16875