4 0.591875 0.065625 0.16125 0.13125
4 0.504375 0.114375 0.17375 0.165
4 0.413125 0.174375 0.17625 0.1675
4 0.320625 0.23125 0.17375 0.165
4 0.145 0.350625 0.16625 0.15875
4 0.068125 0.413125 0.13625 0.16125
15 0.850625 0.465 0.13125 0.1275
15 0.78125 0.514375 0.13375 0.12875
15 0.705625 0.565625 0.13125 0.1275
15 0.641875 0.61625 0.12625 0.1225
15 0.575625 0.65375 0.1325 0.12625
15 0.50375 0.7 0.1275 0.12375
15 0.441875 0.74125 0.13625 0.1275
15 0.376875 0.7925 0.13 0.1275
15 0.30375 0.83875 0.13375 0.12875