7 0.855 0.3275 0.0925 0.0925
7 0.893125 0.3825 0.08875 0.0825
7 0.9675 0.4975 0.065 0.085
7 0.725625 0.593125 0.0925 0.08625
7 0.768125 0.65 0.09125 0.08
7 0.815 0.70875 0.085 0.0875
7 0.854375 0.76625 0.09375 0.08375
7 0.896875 0.8225 0.08625 0.0875
7 0.2825 0.49375 0.0875 0.08875
7 0.33125 0.5725 0.08 0.085
7 0.385625 0.6425 0.08875 0.08625
7 0.44125 0.711875 0.1025 0.0925
7 0.49 0.78125 0.09125 0.0925
7 0.043125 0.5425 0.08625 0.09
7 0.103125 0.626875 0.09 0.085
7 0.150625 0.701875 0.09 0.08875
7 0.201875 0.771875 0.0975 0.08875
7 0.253125 0.845 0.09625 0.0925
7 0.3075 0.914375 0.09 0.08625
7 0.046875 0.889375 0.08875 0.085
7 0.01875 0.8125 0.0375 0.0875