7 0.83875 0.2975 0.085 0.085
7 0.88125 0.34875 0.0825 0.075
7 0.968125 0.45625 0.06375 0.08
7 0.733125 0.573125 0.08625 0.07875
7 0.78 0.62625 0.085 0.0725
7 0.831875 0.680625 0.07875 0.08125
7 0.87625 0.734375 0.0875 0.07625
7 0.92375 0.786875 0.08 0.08125
7 0.2825 0.5125 0.08 0.0825
7 0.338125 0.586875 0.07375 0.07875
7 0.39875 0.651875 0.0825 0.07875
7 0.46 0.71625 0.095 0.085
7 0.514375 0.78125 0.08375 0.085
7 0.0475 0.583125 0.0825 0.08375
7 0.115625 0.66125 0.08375 0.0775
7 0.169375 0.731875 0.08375 0.08125
7 0.226875 0.796875 0.09125 0.08125
7 0.284375 0.865 0.08875 0.085
7 0.344375 0.929375 0.08375 0.07875
7 0.0825 0.9275 0.0825 0.0775
7 0.0325 0.855 0.0625 0.0825