7 0.86625 0.353125 0.0975 0.0975
7 0.9 0.41 0.09375 0.0875
7 0.965625 0.529375 0.06875 0.08875
7 0.71875 0.60875 0.0975 0.09125
7 0.756875 0.66875 0.095 0.085
7 0.799375 0.730625 0.09 0.0925
7 0.835 0.790625 0.09875 0.08875
7 0.87375 0.849375 0.09125 0.0925
7 0.283125 0.478125 0.0925 0.09375
7 0.32625 0.560625 0.085 0.08875
7 0.37625 0.634375 0.09375 0.09125
7 0.426875 0.7075 0.1075 0.09875
7 0.47 0.78 0.09625 0.0975
7 0.04375 0.51125 0.0875 0.095
7 0.095 0.599375 0.095 0.09
7 0.136875 0.6775 0.095 0.09375
7 0.18375 0.750625 0.1025 0.095
7 0.23 0.826875 0.10125 0.0975
7 0.279375 0.9 0.095 0.09125
7 0.03375 0.85625 0.0675 0.09
7 0.01 0.776875 0.02 0.09125