11 0.158125 0.49625 0.205 0.1975
11 0.136875 0.62 0.19625 0.18625
11 0.280625 0.5375 0.18875 0.1775
11 0.3025 0.416875 0.1975 0.18875
11 0.415625 0.4525 0.19125 0.18125
11 0.441875 0.334375 0.1925 0.18375
11 0.5575 0.370625 0.20125 0.19
11 0.581875 0.25375 0.195 0.1825
11 0.725 0.170625 0.1975 0.18875
11 0.701875 0.28875 0.195 0.18375
11 0.830625 0.211875 0.18 0.17875
11 0.275 0.88 0.1925 0.1825
11 0.413125 0.794375 0.195 0.18625
11 0.5525 0.715 0.1975 0.18625
11 0.6925 0.635625 0.1925 0.18125
11 0.834375 0.555625 0.19375 0.18375
11 0.938125 0.47125 0.12375 0.1875