11 0.668125 0.201875 0.2025 0.1925
11 0.785625 0.245625 0.195 0.18
11 0.6425 0.32875 0.1875 0.1725
11 0.526875 0.2875 0.195 0.18375
11 0.500625 0.403125 0.18875 0.17625
11 0.385625 0.366875 0.19 0.17875
11 0.35875 0.485 0.19875 0.185
11 0.245625 0.4475 0.1925 0.1775
11 0.1025 0.53 0.195 0.18375
11 0.21625 0.569375 0.19375 0.17875
11 0.08625 0.64125 0.1725 0.175
11 0.923125 0.495 0.15375 0.1775
11 0.79875 0.571875 0.19375 0.1825
11 0.66 0.653125 0.195 0.18125
11 0.52125 0.734375 0.19 0.17625
11 0.38125 0.8175 0.19125 0.17875
11 0.2375 0.896875 0.195 0.1825