11 0.651875 0.19375 0.205 0.19625
11 0.771875 0.230625 0.19625 0.185
11 0.633125 0.32125 0.18875 0.1775
11 0.51625 0.28625 0.19625 0.1875
11 0.495625 0.403125 0.19 0.18
11 0.37875 0.373125 0.19125 0.1825
11 0.358125 0.4925 0.20125 0.18875
11 0.243125 0.46125 0.19375 0.18125
11 0.105 0.550625 0.19625 0.1875
11 0.22 0.584375 0.195 0.1825
11 0.093125 0.66375 0.17875 0.1775
11 0.921875 0.471875 0.15625 0.18125
11 0.801875 0.55625 0.195 0.18625
11 0.6675 0.644375 0.1975 0.185
11 0.53375 0.733125 0.1925 0.18
11 0.398125 0.823125 0.19375 0.1825
11 0.258125 0.90875 0.19625 0.1825