12 0.815 0.040625 0.0825 0.08125
12 0.7675 0.07375 0.09375 0.11
12 0.708125 0.11875 0.0875 0.1075
12 0.6675 0.16375 0.08625 0.105
12 0.60875 0.2075 0.08125 0.10375
12 0.56375 0.255 0.08 0.10625
12 0.509375 0.30125 0.085 0.11
12 0.46 0.345 0.0875 0.10875
12 0.4075 0.388125 0.08375 0.1175
0 0.4675 0.57625 0.08125 0.09625
0 0.235625 0.445 0.0975 0.10375
0 0.17875 0.504375 0.0925 0.10125
10 0.290625 0.734375 0.08625 0.1075
10 0.23 0.785625 0.08625 0.1075
10 0.16875 0.845 0.08375 0.1
10 0.109375 0.898125 0.10375 0.1075