7 0.513125 0.05625 0.11375 0.1125
7 0.6775 0.104375 0.1075 0.12625
7 0.759375 0.13375 0.11 0.1275
7 0.92625 0.193125 0.10875 0.12375
7 0.905625 0.509375 0.1125 0.12625
7 0.575 0.391875 0.11 0.1275
7 0.40875 0.333125 0.115 0.12875
7 0.329375 0.5675 0.11125 0.125
7 0.57875 0.6525 0.11125 0.1275
7 0.66125 0.680625 0.09875 0.1225
7 0.74375 0.710625 0.10875 0.12375
7 0.145 0.82 0.11 0.12375
7 0.3125 0.88125 0.1125 0.1275
7 0.39125 0.909375 0.10625 0.1225
7 0.47375 0.939375 0.1075 0.12125
7 0.555 0.95375 0.11 0.0925
7 0.64 0.966875 0.11 0.06625