7 0.4625 0.0575 0.1175 0.115
7 0.301875 0.11375 0.11125 0.1275
7 0.221875 0.1475 0.11375 0.12875
7 0.058125 0.215625 0.11125 0.12625
7 0.095625 0.53 0.11625 0.1275
7 0.419375 0.395625 0.11375 0.12875
7 0.5825 0.32875 0.11875 0.13
7 0.67375 0.55875 0.115 0.1275
7 0.429375 0.656875 0.115 0.12875
7 0.34875 0.68875 0.1025 0.12375
7 0.2675 0.723125 0.11125 0.12625
7 0.87125 0.80125 0.11375 0.12625
7 0.7075 0.870625 0.11625 0.13
7 0.63 0.903125 0.11 0.12375
7 0.54875 0.9375 0.11125 0.12375
7 0.468125 0.954375 0.11375 0.09125
7 0.385625 0.97 0.11375 0.06