7 0.430625 0.059375 0.12125 0.11875
7 0.275625 0.12875 0.11625 0.12875
7 0.198125 0.168125 0.1175 0.13125
7 0.04875 0.2475 0.0975 0.1275
7 0.09875 0.558125 0.12 0.13
7 0.4125 0.40125 0.11875 0.13
7 0.57 0.323125 0.1225 0.1325
7 0.6775 0.54625 0.11875 0.12875
7 0.440625 0.66125 0.12 0.13125
7 0.361875 0.69875 0.1075 0.12375
7 0.28375 0.73875 0.11625 0.1275
7 0.891875 0.774375 0.1175 0.1275
7 0.733125 0.855625 0.12 0.13125
7 0.658125 0.893125 0.11375 0.12625
7 0.579375 0.9325 0.115 0.125
7 0.50125 0.954375 0.1175 0.09125
7 0.42125 0.973125 0.1175 0.05375