5 0.059375 0.47125 0.11875 0.2825
5 0.151875 0.453125 0.28625 0.285
5 0.128125 0.62375 0.25625 0.2825
5 0.286875 0.605625 0.2825 0.2825
5 0.25125 0.778125 0.2975 0.29625
5 0.424375 0.755 0.2875 0.28625
5 0.3875 0.8925 0.29 0.215
5 0.575 0.880625 0.31 0.23875
5 0.509375 0.9725 0.25375 0.055
11 0.519375 0.06875 0.25625 0.1375
11 0.483125 0.190625 0.26 0.2625
11 0.6675 0.158125 0.245 0.24625
11 0.62625 0.334375 0.255 0.2575
11 0.810625 0.3125 0.26 0.26125
11 0.769375 0.495625 0.26 0.26125
11 0.911875 0.468125 0.17625 0.26375
11 0.891875 0.653125 0.21625 0.26375