5 0.059375 0.4625 0.11875 0.2825
5 0.1525 0.446875 0.28625 0.285
5 0.1275 0.6175 0.255 0.2825
5 0.285 0.601875 0.2825 0.28125
5 0.246875 0.77375 0.29625 0.29625
5 0.42 0.75375 0.2875 0.28625
5 0.38 0.891875 0.29 0.21625
5 0.5675 0.88125 0.31 0.2375
5 0.49875 0.9725 0.255 0.055
11 0.52875 0.06875 0.255 0.1375
11 0.48875 0.190625 0.25875 0.26375
11 0.67375 0.16125 0.24375 0.2475
11 0.62875 0.336875 0.25375 0.2575
11 0.81375 0.3175 0.25875 0.2625
11 0.769375 0.500625 0.25875 0.2625
11 0.9125 0.476875 0.175 0.26375
11 0.890625 0.66 0.21875 0.265