5 0.06375 0.390625 0.1275 0.27625
5 0.16375 0.39875 0.2825 0.2775
5 0.12 0.5625 0.24 0.275
5 0.2725 0.57125 0.28 0.275
5 0.21125 0.735625 0.2925 0.29125
5 0.385625 0.74 0.285 0.27875
5 0.321875 0.883125 0.28625 0.23375
5 0.508125 0.88625 0.30625 0.2275
5 0.419375 0.9725 0.25625 0.055
11 0.596875 0.073125 0.24625 0.14625
11 0.531875 0.191875 0.25 0.26375
11 0.71875 0.18875 0.235 0.2475
11 0.650625 0.35625 0.245 0.2575
11 0.835625 0.363125 0.25 0.2625
11 0.766875 0.538125 0.25 0.26125
11 0.91375 0.540625 0.1725 0.26375
11 0.879375 0.715625 0.24125 0.26375