19 0.708125 0.14375 0.195 0.19875
19 0.545 0.176875 0.19375 0.205
19 0.389375 0.215625 0.1975 0.21375
19 0.23125 0.255625 0.20625 0.2175
19 0.085 0.298125 0.17 0.21375
19 0.8175 0.241875 0.195 0.21625
19 0.656875 0.29 0.2025 0.20625
19 0.503125 0.331875 0.19625 0.21
19 0.345 0.35875 0.1925 0.205
19 0.185 0.405625 0.19375 0.2125
19 0.064375 0.44 0.12875 0.21
19 0.82375 0.61 0.20125 0.21375
19 0.665625 0.64875 0.205 0.22125
19 0.5125 0.69125 0.205 0.22125
19 0.359375 0.726875 0.2025 0.21875
19 0.201875 0.771875 0.20375 0.215
19 0.91875 0.725625 0.1625 0.21125
19 0.7775 0.76125 0.20125 0.21125
19 0.62375 0.806875 0.20375 0.2175
19 0.319375 0.89 0.20625 0.21625
19 0.175 0.91125 0.165 0.1775