19 0.60875 0.105 0.215 0.21
19 0.46 0.17625 0.21625 0.22125
19 0.319375 0.254375 0.22125 0.23
19 0.176875 0.333125 0.23 0.235
19 0.0725 0.415625 0.145 0.22875
19 0.74 0.168125 0.22125 0.23
19 0.5975 0.25625 0.2225 0.225
19 0.459375 0.336875 0.22 0.22625
19 0.31375 0.40375 0.215 0.22125
19 0.17125 0.490625 0.21875 0.2275
19 0.07125 0.56375 0.1425 0.225
19 0.840625 0.5225 0.225 0.23
19 0.69875 0.600625 0.23 0.23875
19 0.561875 0.68125 0.23 0.2375
19 0.423125 0.755625 0.2275 0.235
19 0.2825 0.839375 0.2275 0.2325
19 0.934375 0.605 0.13125 0.2275
19 0.835625 0.680625 0.22375 0.22875
19 0.699375 0.764375 0.2275 0.23375
19 0.42625 0.903125 0.23 0.19375
19 0.295625 0.94375 0.19375 0.1125