19 0.23875 0.180625 0.17625 0.18125
19 0.405 0.188125 0.17375 0.1875
19 0.565 0.201875 0.17625 0.1975
19 0.726875 0.21625 0.185 0.19875
19 0.89 0.234375 0.17375 0.1975
19 0.145625 0.294375 0.1725 0.20125
19 0.311875 0.316875 0.1825 0.1875
19 0.470625 0.334375 0.175 0.19375
19 0.63125 0.33625 0.1725 0.18875
19 0.79625 0.3575 0.1725 0.1975
19 0.933125 0.3675 0.13375 0.195
19 0.1975 0.65875 0.18 0.19625
19 0.359375 0.6725 0.1825 0.205
19 0.5175 0.690625 0.1825 0.20375
19 0.674375 0.7025 0.18125 0.2025
19 0.836875 0.721875 0.1825 0.1975
19 0.104375 0.79125 0.175 0.195
19 0.266875 0.801875 0.18125 0.19375
19 0.425625 0.8225 0.1825 0.2
19 0.739375 0.856875 0.185 0.1975
19 0.8875 0.866875 0.14375 0.19