19 0.464375 0.081875 0.15125 0.14875
19 0.41375 0.16125 0.13875 0.135
19 0.3575 0.236875 0.14 0.14
19 0.3 0.315625 0.14625 0.14375
19 0.2425 0.395625 0.145 0.14375
19 0.19125 0.475625 0.15125 0.15125
19 0.0975 0.47125 0.1375 0.13875
19 0.135 0.56 0.1475 0.14625
19 0.055625 0.54625 0.11125 0.145
19 0.035625 0.634375 0.07125 0.15375
19 0.65625 0.185 0.14375 0.14375
19 0.7025 0.2725 0.145 0.145
19 0.6 0.264375 0.1325 0.1325
19 0.54125 0.340625 0.13375 0.13375
19 0.594375 0.4325 0.1475 0.14875
19 0.48875 0.42 0.14 0.1425
19 0.536875 0.514375 0.14 0.14
19 0.481875 0.5975 0.1525 0.15
19 0.378125 0.581875 0.15125 0.15125
19 0.43 0.675 0.14625 0.145
19 0.32125 0.665 0.14 0.14
19 0.373125 0.76 0.1475 0.145
19 0.269375 0.749375 0.145 0.1425
19 0.31375 0.845 0.15625 0.15625
19 0.208125 0.835 0.1525 0.15
19 0.91375 0.34875 0.14625 0.14625
19 0.948125 0.434375 0.10375 0.15625
19 0.861875 0.426875 0.1375 0.1375
19 0.921875 0.52125 0.1475 0.14625
19 0.806875 0.504375 0.14375 0.14375
19 0.755625 0.583125 0.14 0.14
19 0.816875 0.679375 0.1575 0.15875
19 0.698125 0.664375 0.14625 0.145
19 0.759375 0.755 0.1475 0.1475
19 0.650625 0.744375 0.14625 0.14375
19 0.5975 0.823125 0.13875 0.13875
19 0.65625 0.91875 0.15 0.15
19 0.53625 0.89875 0.14625 0.145
19 0.6025 0.96375 0.1525 0.0725
19 0.4825 0.95375 0.1525 0.0925