19 0.914375 0.43375 0.15125 0.14875
19 0.849375 0.501875 0.13875 0.135
19 0.79 0.575 0.14 0.14
19 0.7275 0.65 0.14625 0.14375
19 0.663125 0.724375 0.145 0.14375
19 0.598125 0.793125 0.15125 0.15125
19 0.625625 0.88375 0.1375 0.13875
19 0.53 0.86875 0.1475 0.14625
19 0.565625 0.943125 0.14375 0.11375
19 0.491875 0.9725 0.15375 0.055
19 0.7675 0.271875 0.14375 0.14375
19 0.671875 0.24875 0.145 0.145
19 0.704375 0.34625 0.1325 0.1325
19 0.644375 0.421875 0.13375 0.13375
19 0.5425 0.391875 0.1475 0.14875
19 0.580625 0.49125 0.14 0.1425
19 0.476875 0.4675 0.14 0.14
19 0.41 0.54125 0.1525 0.15
19 0.45 0.638125 0.15125 0.15125
19 0.346875 0.610625 0.14625 0.145
19 0.383125 0.713125 0.14 0.14
19 0.278125 0.68625 0.1475 0.145
19 0.31375 0.78375 0.145 0.1425
19 0.21 0.764375 0.15625 0.15625
19 0.245625 0.864375 0.1525 0.15
19 0.545625 0.0675 0.14625 0.135
19 0.448125 0.05125 0.15375 0.1025
19 0.48375 0.13125 0.1375 0.1375
19 0.3775 0.095625 0.1475 0.14625
19 0.421875 0.203125 0.14375 0.14375
19 0.3575 0.271875 0.14 0.14
19 0.249375 0.23625 0.1575 0.15875
19 0.2925 0.3475 0.14625 0.145
19 0.19 0.31 0.1475 0.1475
19 0.22625 0.413125 0.14625 0.14375
19 0.163125 0.48375 0.13875 0.13875
19 0.065625 0.45 0.13125 0.15
19 0.104375 0.56125 0.14625 0.145
19 0.031875 0.521875 0.06375 0.14875
19 0.054375 0.634375 0.10875 0.15375