19 0.271875 0.1475 0.13125 0.11625
19 0.265 0.24125 0.11875 0.10625
19 0.250625 0.335 0.11625 0.115
19 0.236875 0.43125 0.125 0.11375
19 0.22375 0.52875 0.1225 0.1175
19 0.21625 0.623125 0.12375 0.125
19 0.13125 0.663125 0.11125 0.1175
19 0.20625 0.724375 0.125 0.11875
19 0.115 0.7575 0.11625 0.12125
19 0.1175 0.855625 0.1275 0.12625
19 0.49 0.14875 0.1175 0.12
19 0.571875 0.204375 0.1175 0.12125
19 0.4775 0.245625 0.11125 0.10625
19 0.46125 0.34 0.11125 0.10875
19 0.551875 0.39625 0.12125 0.12375
19 0.4525 0.434375 0.1125 0.12
19 0.539375 0.495625 0.115 0.11625
19 0.529375 0.595 0.13125 0.1175
19 0.430625 0.629375 0.12375 0.125
19 0.52 0.6875 0.12125 0.11875
19 0.419375 0.729375 0.115 0.11625
19 0.51 0.789375 0.1275 0.11375
19 0.41375 0.828125 0.12375 0.11375
19 0.4975 0.8925 0.13125 0.12625
19 0.399375 0.933125 0.13 0.11875
19 0.794375 0.1725 0.12 0.12125
19 0.8875 0.220625 0.1225 0.13375
19 0.785 0.265625 0.11375 0.11375
19 0.8825 0.320625 0.125 0.11875
19 0.773125 0.359375 0.1175 0.12
19 0.764375 0.453125 0.11625 0.115
19 0.86375 0.509375 0.12875 0.1325
19 0.7525 0.551875 0.12125 0.11875
19 0.84875 0.603125 0.12 0.12375
19 0.748125 0.645 0.12375 0.115
19 0.7375 0.739375 0.11625 0.1125
19 0.834375 0.79625 0.12125 0.12625
19 0.719375 0.835 0.1225 0.11875
19 0.82625 0.895 0.1325 0.11625
19 0.711875 0.935625 0.12375 0.12875
19 0.80875 0.96625 0.12 0.0675