11 0.145625 0.069375 0.135 0.10625
11 0.290625 0.0675 0.1375 0.105
11 0.430625 0.061875 0.13625 0.11125
11 0.57125 0.061875 0.13625 0.10875
11 0.2225 0.146875 0.13375 0.10875
11 0.36375 0.1475 0.1325 0.115
11 0.503125 0.140625 0.135 0.10625
11 0.649375 0.136875 0.1475 0.10875
11 0.925 0.1225 0.1375 0.1125
11 0.1475 0.429375 0.14625 0.10125
11 0.295 0.420625 0.135 0.11625
11 0.436875 0.420625 0.1375 0.10625
11 0.58125 0.41125 0.1425 0.1225
11 0.725 0.4125 0.14 0.1225
11 0.868125 0.411875 0.1375 0.10625
11 0.22375 0.528125 0.1425 0.10875
11 0.36375 0.525625 0.14125 0.11125
11 0.50875 0.523125 0.14375 0.11625
11 0.654375 0.52125 0.1375 0.1125
11 0.795 0.518125 0.1375 0.10875
11 0.935625 0.510625 0.12875 0.11375
5 0.195625 0.824375 0.145 0.15
5 0.3425 0.823125 0.14375 0.15875
5 0.48625 0.82125 0.14375 0.145
5 0.628125 0.81625 0.145 0.14375
5 0.7775 0.81125 0.14375 0.1625
5 0.920625 0.811875 0.1475 0.16125
5 0.123125 0.924375 0.14125 0.15125
5 0.268125 0.923125 0.14125 0.1475
5 0.41375 0.91875 0.1425 0.1625
5 0.56 0.91375 0.1425 0.155
5 0.708125 0.91125 0.13875 0.155
5 0.85375 0.9125 0.1375 0.1475