11 0.88375 0.095 0.1425 0.115
11 0.739375 0.083125 0.145 0.11375
11 0.6 0.0675 0.1425 0.12
11 0.459375 0.058125 0.14375 0.11625
11 0.80125 0.166875 0.14125 0.1175
11 0.660625 0.1575 0.13875 0.12375
11 0.521875 0.14125 0.1425 0.115
11 0.37625 0.126875 0.155 0.11875
11 0.1025 0.09375 0.14375 0.12125
11 0.856875 0.45375 0.1525 0.11125
11 0.71 0.435 0.1425 0.125
11 0.56875 0.425 0.145 0.115
11 0.425625 0.405625 0.15 0.13125
11 0.281875 0.396875 0.1475 0.13125
11 0.139375 0.38625 0.145 0.115
11 0.77375 0.546875 0.15 0.11875
11 0.634375 0.535 0.1475 0.12
11 0.49 0.5225 0.15125 0.12625
11 0.345 0.51 0.14375 0.12125
11 0.205 0.4975 0.145 0.1175
11 0.065625 0.479375 0.13125 0.12125
5 0.78125 0.844375 0.155 0.15875
5 0.634375 0.83375 0.15375 0.1675
5 0.49125 0.821875 0.15375 0.15375
5 0.35 0.80625 0.15375 0.15375
5 0.201875 0.79125 0.155 0.17125
5 0.06875 0.781875 0.1375 0.17125
5 0.845625 0.935 0.15125 0.13
5 0.701875 0.93 0.15125 0.14
5 0.556875 0.919375 0.15375 0.16125
5 0.41125 0.90875 0.1525 0.16375
5 0.26375 0.895625 0.14875 0.16375
5 0.11875 0.886875 0.1475 0.15625