11 0.93 0.31875 0.14 0.1675
11 0.845 0.220625 0.1725 0.17125
11 0.740625 0.126875 0.17125 0.17
11 0.92875 0.4225 0.1425 0.1675
11 0.836875 0.32875 0.17125 0.17125
11 0.738125 0.230625 0.16875 0.1675
11 0.631875 0.13 0.18 0.1775
11 0.809375 0.683125 0.17375 0.17125
11 0.705625 0.578125 0.175 0.17375
11 0.6 0.483125 0.17 0.16875
11 0.499375 0.38 0.18375 0.18375
11 0.391875 0.284375 0.1825 0.18125
11 0.285625 0.188125 0.17 0.16875
11 0.686875 0.705625 0.17625 0.17375
11 0.584375 0.61 0.17625 0.17375
11 0.478125 0.51125 0.18125 0.18
11 0.37125 0.4125 0.17375 0.1725
11 0.26875 0.31625 0.1725 0.17125
11 0.16875 0.21625 0.16875 0.1675
5 0.50875 0.920625 0.205 0.15875
5 0.400625 0.845625 0.21 0.21
5 0.295 0.748125 0.2 0.2
5 0.19375 0.649375 0.2 0.2
5 0.095625 0.545625 0.19125 0.21375
5 0.0425 0.45 0.085 0.215
5 0.38875 0.934375 0.2 0.13125
5 0.283125 0.87 0.2125 0.21375
5 0.17875 0.7675 0.20625 0.2075
5 0.085625 0.66625 0.17125 0.205
5 0.03 0.57 0.06 0.1975