7 0.686875 0.29 0.13625 0.1225
7 0.65375 0.38875 0.14125 0.12375
7 0.935625 0.3525 0.12875 0.125
7 0.91625 0.4475 0.13375 0.12
7 0.89375 0.54375 0.13875 0.12125
7 0.869375 0.64 0.1275 0.11625
7 0.848125 0.740625 0.14125 0.13
7 0.815625 0.850625 0.14 0.12875
7 0.63125 0.48 0.14375 0.12125
7 0.614375 0.57875 0.14 0.12125
7 0.588125 0.674375 0.13875 0.1225
7 0.560625 0.788125 0.135 0.1225
7 0.42625 0.4325 0.1375 0.11625
7 0.404375 0.52875 0.1225 0.1125
7 0.380625 0.63125 0.13375 0.11875
7 0.3525 0.74125 0.12375 0.11375
7 0.161875 0.365625 0.14875 0.1275
7 0.145625 0.4675 0.15125 0.12875
7 0.123125 0.566875 0.145 0.125
7 0.095 0.67625 0.15 0.13