7 0.313125 0.29 0.13625 0.1225
7 0.34625 0.38875 0.14125 0.12375
7 0.06375 0.3525 0.1275 0.125
7 0.08375 0.4475 0.13375 0.12
7 0.10625 0.54375 0.13875 0.12125
7 0.130625 0.64 0.1275 0.11625
7 0.151875 0.740625 0.14125 0.13
7 0.184375 0.850625 0.14 0.12875
7 0.36875 0.48 0.14375 0.12125
7 0.385625 0.57875 0.14 0.12125
7 0.411875 0.674375 0.13875 0.1225
7 0.439375 0.788125 0.135 0.1225
7 0.57375 0.4325 0.1375 0.11625
7 0.595625 0.52875 0.1225 0.1125
7 0.619375 0.63125 0.13375 0.11875
7 0.6475 0.74125 0.12375 0.11375
7 0.838125 0.365625 0.14875 0.1275
7 0.854375 0.4675 0.15125 0.12875
7 0.876875 0.566875 0.145 0.125
7 0.905 0.67625 0.15 0.13