7 0.448125 0.22375 0.125 0.10625
7 0.425625 0.325625 0.13125 0.10625
7 0.19875 0.146875 0.125 0.10875
7 0.17 0.240625 0.12375 0.10375
7 0.14 0.335 0.12875 0.10375
7 0.11125 0.429375 0.1175 0.10125
7 0.0775 0.526875 0.13 0.11375
7 0.05625 0.6375 0.1125 0.1125
7 0.3975 0.415 0.13375 0.10375
7 0.36125 0.50875 0.13 0.10375
7 0.334375 0.604375 0.12875 0.10625
7 0.299375 0.715625 0.12375 0.10625
7 0.598125 0.480625 0.12875 0.09875
7 0.566875 0.57375 0.1125 0.09875
7 0.535 0.67375 0.12375 0.1025
7 0.501875 0.7825 0.1125 0.1
7 0.85875 0.55875 0.13875 0.10875
7 0.820625 0.655 0.14125 0.11
7 0.78875 0.75125 0.135 0.1075
7 0.75625 0.859375 0.13875 0.11125