15 0.089375 0.545625 0.13 0.11
15 0.05625 0.66375 0.1125 0.11
15 0.048125 0.779375 0.09625 0.11375
15 0.5125 0.096875 0.11875 0.09875
15 0.4975 0.175 0.115 0.10625
15 0.48 0.251875 0.1225 0.105
15 0.468125 0.335 0.12375 0.10125
15 0.454375 0.408125 0.11875 0.10375
15 0.444375 0.486875 0.12375 0.11625
15 0.79375 0.144375 0.1275 0.11125
15 0.7775 0.2225 0.12125 0.105
15 0.763125 0.29375 0.12625 0.10875
15 0.7525 0.375 0.12375 0.10625
15 0.73375 0.4525 0.125 0.10625
15 0.721875 0.53125 0.12 0.10375