15 0.900625 0.6025 0.12125 0.09625
15 0.92 0.725 0.1125 0.0975
15 0.920625 0.84125 0.11125 0.10125
15 0.54375 0.09875 0.11125 0.08625
15 0.548125 0.178125 0.10625 0.095
15 0.554375 0.2575 0.11375 0.0925
15 0.554375 0.34125 0.11625 0.08875
15 0.5575 0.415625 0.11 0.09125
15 0.556875 0.494375 0.1125 0.10375
15 0.25875 0.106875 0.11875 0.09875
15 0.264375 0.186875 0.11125 0.0925
15 0.268125 0.259375 0.1175 0.09625
15 0.266875 0.34125 0.115 0.09375
15 0.275 0.420625 0.11625 0.09375
15 0.275625 0.500625 0.11125 0.09125