15 0.10625 0.375 0.14125 0.13625
15 0.04625 0.4675 0.0925 0.1325
15 0.015625 0.56625 0.03125 0.135
15 0.675625 0.13625 0.12875 0.12375
15 0.63 0.201875 0.12875 0.1275
15 0.5825 0.265625 0.13375 0.13
15 0.538125 0.33625 0.13375 0.1275
15 0.495625 0.3975 0.13125 0.1275
15 0.455 0.465625 0.14 0.1375
15 0.913125 0.294375 0.14 0.13625
15 0.86625 0.359375 0.1325 0.12875
15 0.824375 0.41875 0.1375 0.13375
15 0.781875 0.48875 0.135 0.13125
15 0.733125 0.551875 0.13625 0.1325
15 0.69 0.619375 0.13125 0.1275