3 0.9620505992010653 0.6218375499334221 0.041278295605858856 0.06790945406125166
3 0.8009320905459387 0.6358189081225033 0.043941411451398134 0.07057256990679095
3 0.7070572569906791 0.8162450066577897 0.047936085219707054 0.07190412782956059
3 0.7157123834886817 0.8841544607190412 0.043941411451398134 0.0692410119840213
3 0.6371504660452729 0.6391478029294274 0.043941411451398134 0.06790945406125166
3 0.27097203728362185 0.7636484687083888 0.05725699067909454 0.05858854860186418
3 0.12383488681757657 0.6631158455392809 0.05858854860186418 0.05858854860186418
3 0.34354194407456723 0.5559254327563249 0.06125166444740346 0.05459387483355526
3 0.28961384820239683 0.4207723035952064 0.0559254327563249 0.05858854860186418
3 0.1577896138482024 0.3182423435419441 0.05858854860186418 0.05992010652463382
3 0.02729693741677763 0.2103861517976032 0.05459387483355526 0.05858854860186418