10 0.6625 0.601875 0.06 0.05125
10 0.609375 0.618125 0.0625 0.05375
10 0.556875 0.631875 0.05875 0.05
10 0.5025 0.641875 0.06 0.05125
10 0.4475 0.656875 0.06125 0.0525
10 0.3875 0.6725 0.06 0.05125
10 0.333125 0.685625 0.05875 0.05125
10 0.70875 0.575625 0.05875 0.05125
10 0.763125 0.56375 0.05375 0.05125
10 0.815 0.54875 0.05875 0.05125
10 0.869375 0.5375 0.06 0.0525
10 0.92375 0.526875 0.05875 0.055
10 0.975 0.514375 0.05 0.05375
10 0.139375 0.305 0.0625 0.05875
10 0.089375 0.3225 0.06125 0.055