10 0.59 0.669375 0.07125 0.07
10 0.535625 0.6575 0.075 0.0725
10 0.48375 0.6425 0.07 0.0675
10 0.43125 0.62375 0.07125 0.07
10 0.37625 0.609375 0.07375 0.07125
10 0.31625 0.593125 0.07125 0.07
10 0.2625 0.576875 0.07125 0.06875
10 0.643125 0.67 0.07125 0.06875
10 0.69625 0.68625 0.06625 0.06625
10 0.748125 0.699375 0.07125 0.06875
10 0.80125 0.7175 0.0725 0.07125
10 0.85375 0.735 0.0725 0.0725
10 0.905625 0.750625 0.0675 0.0675
10 0.285625 0.15125 0.0775 0.07625
10 0.233125 0.140625 0.075 0.07375