5 0.48875 0.115625 0.3075 0.23125
5 0.30625 0.199375 0.305 0.30875
5 0.138125 0.321875 0.27625 0.30125
5 0.0425 0.42875 0.085 0.28
5 0.66625 0.15 0.3175 0.3
5 0.478125 0.265625 0.3 0.30125
5 0.291875 0.388125 0.29875 0.29625
5 0.1275 0.5075 0.255 0.2975
11 0.92 0.491875 0.16 0.25875
11 0.781875 0.615 0.27625 0.26125
11 0.5925 0.745 0.285 0.2725
11 0.401875 0.861875 0.28375 0.275
11 0.91625 0.67875 0.1675 0.265
11 0.785 0.811875 0.27125 0.25625
11 0.59 0.90625 0.2725 0.1875
11 0.40125 0.97 0.25 0.06