5 0.57625 0.114375 0.29 0.22875
5 0.373125 0.165625 0.285 0.2925
5 0.17125 0.248125 0.28375 0.28375
5 0.050625 0.315625 0.10125 0.26875
5 0.736875 0.185 0.3 0.2975
5 0.526875 0.26625 0.28125 0.285
5 0.319375 0.346875 0.2825 0.27875
5 0.12625 0.425 0.2525 0.28
11 0.9175 0.590625 0.165 0.23625
11 0.751875 0.670625 0.26875 0.2375
11 0.539375 0.75875 0.275 0.24875
11 0.32875 0.83375 0.2725 0.25375
11 0.89375 0.773125 0.2125 0.23875
11 0.71375 0.864375 0.26375 0.2325
11 0.495625 0.916875 0.26375 0.16625
11 0.2875 0.95875 0.24 0.0825