5 0.26125 0.1525 0.22625 0.2225
5 0.48 0.1425 0.21625 0.23125
5 0.698125 0.135625 0.22 0.22
5 0.9025 0.12 0.1825 0.21875
5 0.155625 0.30875 0.23375 0.22875
5 0.38 0.2975 0.21625 0.2225
5 0.6025 0.286875 0.22125 0.21375
5 0.8225 0.275 0.21625 0.2175
11 0.111875 0.773125 0.21375 0.17125
11 0.339375 0.75875 0.225 0.1675
11 0.569375 0.7525 0.2275 0.17875
11 0.7925 0.735 0.2225 0.18625
11 0.221875 0.920625 0.23625 0.15875
11 0.453125 0.91875 0.22125 0.1625
11 0.6875 0.91125 0.22 0.1675
11 0.905 0.89625 0.19 0.1625