11 0.655 0.07875 0.2575 0.1575
11 0.471875 0.14125 0.2625 0.25125
11 0.285625 0.25875 0.275 0.26375
11 0.111875 0.37375 0.22375 0.26
11 0.635 0.196875 0.27875 0.2675
11 0.446875 0.31 0.26375 0.2575
11 0.253125 0.435625 0.2775 0.26625
11 0.095625 0.54375 0.19125 0.2575
11 0.915 0.51875 0.17 0.27
11 0.773125 0.63875 0.26625 0.2575
11 0.578125 0.751875 0.28625 0.27375
11 0.383125 0.869375 0.27875 0.26125
11 0.910625 0.700625 0.17875 0.24375
11 0.7625 0.83125 0.265 0.25125
11 0.56875 0.908125 0.285 0.18375
11 0.3925 0.97125 0.2325 0.0575