11 0.918125 0.301875 0.16375 0.20375
11 0.748125 0.23875 0.2375 0.19875
11 0.53625 0.179375 0.2475 0.20875
11 0.3175 0.11 0.24625 0.20625
11 0.815625 0.3975 0.2525 0.21125
11 0.605625 0.333125 0.23125 0.21
11 0.3825 0.273125 0.24875 0.21125
11 0.171875 0.20125 0.235 0.20875
11 0.80125 0.86375 0.26 0.21
11 0.579375 0.79625 0.23875 0.20625
11 0.365 0.72625 0.25875 0.2175
11 0.143125 0.66375 0.2475 0.22
11 0.6525 0.94 0.2475 0.12
11 0.42875 0.909375 0.245 0.18125
11 0.208125 0.855 0.25375 0.22375
11 0.055625 0.79375 0.11125 0.1975