11 0.068125 0.511875 0.13625 0.25125
11 0.165 0.368125 0.2625 0.2525
11 0.331875 0.224375 0.275 0.265
11 0.5 0.1 0.2725 0.2
11 0.170625 0.540625 0.27875 0.26875
11 0.33375 0.39375 0.26375 0.25875
11 0.510625 0.245 0.2775 0.2675
11 0.67125 0.11 0.265 0.22
11 0.380625 0.910625 0.28375 0.17875
11 0.553125 0.801875 0.26625 0.25875
11 0.718125 0.648125 0.28625 0.27625
11 0.87625 0.4975 0.2475 0.2725
11 0.56 0.935 0.2625 0.13
11 0.74 0.848125 0.265 0.2525
11 0.885625 0.6975 0.22875 0.2775
11 0.975 0.56 0.05 0.2325