8 0.5684840425531915 0.9222074468085106 0.06914893617021277 0.07047872340425532
8 0.5844414893617021 0.8617021276595744 0.07047872340425532 0.07047872340425532
8 0.598404255319149 0.7972074468085106 0.07047872340425532 0.07047872340425532
8 0.6223404255319149 0.6934840425531915 0.0678191489361702 0.06914893617021277
8 0.6396276595744681 0.6269946808510638 0.07047872340425532 0.07047872340425532
16 0.5465425531914894 0.10372340425531915 0.09042553191489362 0.08909574468085106
16 0.5305851063829787 0.17885638297872342 0.08643617021276596 0.08776595744680851
8 0.6535904255319149 0.5611702127659575 0.0678191489361702 0.06914893617021277
8 0.668218085106383 0.4940159574468085 0.07446808510638298 0.07446808510638298
8 0.682845744680851 0.4288563829787234 0.0678191489361702 0.0678191489361702
8 0.699468085106383 0.36436170212765956 0.07180851063829788 0.07180851063829788
8 0.71875 0.2779255319148936 0.07180851063829788 0.07180851063829788
8 0.7506648936170213 0.13297872340425532 0.07047872340425532 0.07047872340425532
8 0.7666223404255319 0.06515957446808511 0.07047872340425532 0.07047872340425532