8 0.53125 0.9261968085106383 0.0678191489361702 0.06914893617021277
8 0.5525265957446809 0.867686170212766 0.06914893617021277 0.06914893617021277
8 0.5724734042553191 0.8045212765957447 0.06914893617021277 0.06914893617021277
8 0.6050531914893617 0.7034574468085106 0.06648936170212766 0.0678191489361702
8 0.6283244680851063 0.6382978723404256 0.06914893617021277 0.06914893617021277
16 0.5811170212765957 0.10970744680851063 0.08776595744680851 0.08776595744680851
16 0.5585106382978723 0.18284574468085107 0.08377659574468085 0.08643617021276596
8 0.6476063829787234 0.574468085106383 0.06648936170212766 0.0678191489361702
8 0.668218085106383 0.5093085106382979 0.07313829787234043 0.07313829787234043
8 0.6888297872340425 0.44481382978723405 0.06648936170212766 0.06648936170212766
8 0.7107712765957447 0.38231382978723405 0.07047872340425532 0.07047872340425532
8 0.7373670212765957 0.2978723404255319 0.07047872340425532 0.07047872340425532
8 0.7819148936170213 0.15625 0.06914893617021277 0.06914893617021277
8 0.8038563829787234 0.08976063829787234 0.06914893617021277 0.06914893617021277