8 0.43882978723404253 0.9235372340425532 0.06914893617021277 0.06914893617021277
8 0.42220744680851063 0.863031914893617 0.07047872340425532 0.07047872340425532
8 0.40691489361702127 0.7985372340425532 0.07047872340425532 0.06914893617021277
8 0.3809840425531915 0.6954787234042553 0.0678191489361702 0.06914893617021277
8 0.36236702127659576 0.6289893617021277 0.06914893617021277 0.07047872340425532
16 0.44680851063829785 0.10438829787234043 0.08909574468085106 0.08909574468085106
16 0.4634308510638298 0.17952127659574468 0.08643617021276596 0.08776595744680851
8 0.34773936170212766 0.5638297872340425 0.0678191489361702 0.06914893617021277
8 0.331781914893617 0.4973404255319149 0.07446808510638298 0.07446808510638298
8 0.3158244680851064 0.4321808510638298 0.0678191489361702 0.0678191489361702
8 0.2978723404255319 0.36768617021276595 0.07180851063829788 0.07180851063829788
8 0.27726063829787234 0.28191489361702127 0.07180851063829788 0.07180851063829788
8 0.24268617021276595 0.13696808510638298 0.07047872340425532 0.07047872340425532
8 0.22539893617021275 0.06981382978723404 0.07047872340425532 0.07047872340425532