16 0.9890243902439024 0.179375 0.02195121951219512 0.08375
16 0.8512195121951219 0.29875 0.08536585365853659 0.08875
16 0.7603658536585366 0.355 0.08292682926829269 0.085
8 0.6182926829268293 0.45125 0.07439024390243902 0.07625
8 0.5451219512195122 0.505 0.07195121951219512 0.07375
8 0.4713414634146341 0.55625 0.07560975609756097 0.0825
8 0.4036585365853659 0.605625 0.07560975609756097 0.0825
8 0.3304878048780488 0.655 0.07560975609756097 0.0825
8 0.2530487804878049 0.706875 0.07682926829268293 0.085
16 0.08292682926829269 0.49 0.09268292682926829 0.1
8 0.09329268292682927 0.814375 0.07317073170731707 0.0775
8 0.018292682926829267 0.88 0.036585365853658534 0.08