16 0.015853658536585366 0.16125 0.03170731707317073 0.0825
16 0.15548780487804878 0.28625 0.08292682926829269 0.08625
16 0.2451219512195122 0.345625 0.08048780487804878 0.08375
8 0.38353658536585367 0.4475 0.07195121951219512 0.07375
8 0.4548780487804878 0.503125 0.07073170731707316 0.0725
8 0.526219512195122 0.556875 0.07439024390243902 0.08
8 0.5926829268292683 0.609375 0.07439024390243902 0.08
8 0.6640243902439025 0.660625 0.07439024390243902 0.08
8 0.7396341463414634 0.715625 0.07439024390243902 0.0825
16 0.9170731707317074 0.505 0.09024390243902439 0.09875
8 0.8957317073170732 0.82875 0.07073170731707316 0.07625
8 0.975609756097561 0.8975 0.04878048780487805 0.0775