11 0.765625 0.1275 0.12875 0.16125
11 0.86625 0.208125 0.12625 0.15875
11 0.7475 0.269375 0.13375 0.15625
11 0.8575 0.35875 0.14625 0.1575
11 0.73 0.4175 0.1275 0.1575
11 0.835 0.504375 0.13625 0.16625
11 0.715 0.566875 0.1425 0.16875
11 0.8225 0.650625 0.1375 0.17375
11 0.7025 0.719375 0.1375 0.165
11 0.800625 0.80375 0.14 0.17125
11 0.678125 0.870625 0.14625 0.1675
11 0.78625 0.94 0.15 0.12
11 0.39125 0.0825 0.1375 0.165
11 0.46625 0.161875 0.1325 0.1575
11 0.366875 0.226875 0.135 0.15625
11 0.441875 0.3125 0.1325 0.1525
11 0.34875 0.37 0.1275 0.16375
11 0.425625 0.4525 0.14125 0.1675
11 0.32875 0.519375 0.1375 0.16625
11 0.39625 0.605 0.1375 0.1675
11 0.36 0.90625 0.1475 0.1725