11 0.1475 0.209375 0.15875 0.18
11 0.07375 0.313125 0.1475 0.17625
11 0.20125 0.341875 0.1625 0.17625
11 0.118125 0.45625 0.17375 0.18125
11 0.25625 0.48 0.1575 0.17625
11 0.1775 0.59125 0.1675 0.18625
11 0.31 0.62 0.17375 0.19
11 0.2275 0.72875 0.17 0.1925
11 0.36125 0.764375 0.1675 0.185
11 0.288125 0.87125 0.17125 0.19125
11 0.42375 0.904375 0.17625 0.19
11 0.341875 0.96375 0.17875 0.0725
11 0.495625 0.080625 0.16875 0.16125
11 0.445 0.165 0.1625 0.1775
11 0.558125 0.20125 0.16375 0.17625
11 0.5075 0.304375 0.16 0.17375
11 0.6125 0.335 0.15875 0.18125
11 0.559375 0.435 0.1725 0.18875
11 0.67 0.474375 0.16875 0.18625
11 0.6275 0.574375 0.16875 0.1875
11 0.74 0.855625 0.17875 0.19375