11 0.48 0.066875 0.165 0.13375
11 0.351875 0.0725 0.16125 0.145
11 0.418125 0.171875 0.1675 0.18
11 0.2775 0.186875 0.17875 0.185
11 0.351875 0.305625 0.16375 0.17875
11 0.21625 0.32125 0.17375 0.18875
11 0.28375 0.43875 0.18 0.19375
11 0.148125 0.450625 0.17625 0.19625
11 0.210625 0.57375 0.17375 0.18875
11 0.085 0.59125 0.17 0.195
11 0.14875 0.71375 0.1825 0.19375
11 0.049375 0.731875 0.09875 0.19125
11 0.819375 0.208125 0.17625 0.1925
11 0.711875 0.235 0.1675 0.18125
11 0.760625 0.343125 0.16875 0.18
11 0.650625 0.374375 0.16625 0.17625
11 0.698125 0.47375 0.165 0.18375
11 0.588125 0.500625 0.17875 0.1925
11 0.633125 0.609375 0.175 0.19
11 0.529375 0.644375 0.175 0.19125
11 0.39625 0.90875 0.185 0.1825