4 0.45375 0.06375 0.2325 0.1275
4 0.56875 0.08125 0.21 0.1625
4 0.5225 0.1875 0.2275 0.18625
4 0.615625 0.243125 0.22375 0.19125
4 0.5675 0.34625 0.225 0.18875
4 0.66875 0.405 0.23125 0.19
4 0.6175 0.506875 0.25625 0.18875
4 0.689375 0.6575 0.26625 0.215
4 0.7825 0.71125 0.235 0.1875
4 0.75 0.82125 0.24625 0.1975
4 0.8425 0.855625 0.21125 0.15875
4 0.09875 0.198125 0.1975 0.18625
4 0.144375 0.33375 0.20875 0.1725
4 0.111875 0.43625 0.22375 0.2025
4 0.19125 0.489375 0.21 0.18375
4 0.251875 0.629375 0.2225 0.17875
4 0.309375 0.778125 0.22 0.18875
4 0.35375 0.91125 0.2375 0.1775