4 0.789375 0.14625 0.23375 0.18375
4 0.84875 0.249375 0.215 0.1875
4 0.736875 0.295 0.2325 0.20125
4 0.76375 0.400625 0.23 0.20625
4 0.65625 0.439375 0.23125 0.205
4 0.686875 0.551875 0.23625 0.20625
4 0.578125 0.588125 0.25875 0.20875
4 0.5225 0.745 0.2725 0.235
4 0.55 0.849375 0.24 0.205
4 0.449375 0.898125 0.25125 0.20375
4 0.49 0.953125 0.215 0.09375
4 0.421875 0.048125 0.22625 0.09625
4 0.36625 0.13125 0.21375 0.1875
4 0.261875 0.1725 0.255 0.22
4 0.289375 0.274375 0.2175 0.1975
4 0.233125 0.415625 0.2275 0.195
4 0.16875 0.5625 0.22625 0.2025
4 0.109375 0.69625 0.21875 0.2175