4 0.371875 0.06125 0.215 0.11375
4 0.276875 0.133125 0.18625 0.13
4 0.361875 0.21875 0.2025 0.13875
4 0.29625 0.305625 0.19625 0.1475
4 0.38 0.383125 0.19875 0.14375
4 0.3075 0.475 0.205 0.1425
4 0.39375 0.550625 0.23625 0.13125
4 0.38375 0.716875 0.2375 0.16
4 0.3175 0.801875 0.21 0.13875
4 0.38875 0.89125 0.22 0.14625
4 0.315625 0.950625 0.19375 0.09875
4 0.768125 0.06875 0.19375 0.1375
4 0.7675 0.2125 0.185 0.13
4 0.846875 0.29125 0.2225 0.15125
4 0.781875 0.374375 0.1825 0.1425
4 0.77875 0.526875 0.2 0.1325
4 0.780625 0.686875 0.1925 0.145
4 0.79375 0.838125 0.20875 0.15375