1 0.7070828331332533 0.29673423423423423 0.07563025210084033 0.07094594594594594
1 0.7647058823529411 0.4099099099099099 0.07923169267707082 0.07432432432432433
1 0.8211284513805522 0.5242117117117117 0.07563025210084033 0.0731981981981982
1 0.47539015606242496 0.4650900900900901 0.07923169267707082 0.07432432432432433
1 0.5054021608643458 0.5236486486486487 0.07322929171668667 0.06756756756756757
1 0.5648259303721489 0.6418918918918919 0.07683073229291716 0.07207207207207207
1 0.5966386554621849 0.6981981981981982 0.07923169267707082 0.07545045045045046
1 0.10804321728691477 0.36542792792792794 0.0744297719087635 0.07432432432432433
1 0.16566626650660263 0.48423423423423423 0.07803121248499399 0.0731981981981982
1 0.1992797118847539 0.5399774774774775 0.07803121248499399 0.07432432432432433
1 0.22388955582232895 0.5990990990990991 0.07803121248499399 0.07207207207207207
1 0.25570228091236497 0.6548423423423423 0.07803121248499399 0.0731981981981982
1 0.28391356542617047 0.7134009009009009 0.0744297719087635 0.07094594594594594
1 0.3415366146458583 0.8277027027027027 0.07322929171668667 0.06981981981981981