1 0.4909963985594238 0.21903153153153154 0.06602641056422569 0.06306306306306306
1 0.3679471788715486 0.2668918918918919 0.07082833133253301 0.06531531531531531
1 0.24369747899159663 0.31644144144144143 0.06482593037214886 0.06644144144144144
1 0.5432172869147659 0.48986486486486486 0.07082833133253301 0.06531531531531531
1 0.47959183673469385 0.5140765765765766 0.06482593037214886 0.059684684684684686
1 0.3505402160864346 0.5647522522522522 0.06842737094837935 0.06306306306306306
1 0.28691476590636256 0.5867117117117117 0.06962785114045618 0.06756756756756757
1 0.8871548619447779 0.6463963963963963 0.06362545018007203 0.06756756756756757
1 0.7599039615846338 0.6981981981981982 0.06962785114045618 0.06531531531531531
1 0.695078031212485 0.7184684684684685 0.06842737094837935 0.06531531531531531
1 0.634453781512605 0.7471846846846847 0.06842737094837935 0.06418918918918919
1 0.5714285714285714 0.768581081081081 0.06962785114045618 0.06531531531531531
1 0.5084033613445378 0.793918918918919 0.06482593037214886 0.06418918918918919
1 0.38415366146458585 0.8429054054054054 0.06362545018007203 0.06306306306306306