1 0.6254501800720288 0.24436936936936937 0.06362545018007203 0.060810810810810814
1 0.7190876350540216 0.3338963963963964 0.06842737094837935 0.06306306306306306
1 0.812124849939976 0.42454954954954954 0.062424969987995196 0.06418918918918919
1 0.4645858343337335 0.47466216216216217 0.06842737094837935 0.06306306306306306
1 0.5132052821128451 0.5202702702702703 0.062424969987995196 0.057432432432432436
1 0.6110444177671068 0.6143018018018018 0.06602641056422569 0.060810810810810814
1 0.6596638655462185 0.6582207207207207 0.06722689075630252 0.06531531531531531
1 0.08283313325330131 0.49268018018018017 0.060024009603841535 0.06644144144144144
1 0.17827130852340936 0.5872747747747747 0.06722689075630252 0.06306306306306306
1 0.22929171668667467 0.6295045045045045 0.06602641056422569 0.06306306306306306
1 0.27310924369747897 0.6779279279279279 0.06602641056422569 0.061936936936936936
1 0.32232893157262904 0.7212837837837838 0.06722689075630252 0.06306306306306306
1 0.3697478991596639 0.7680180180180181 0.062424969987995196 0.061936936936936936
1 0.4639855942376951 0.8581081081081081 0.061224489795918366 0.060810810810810814