19 0.854375 0.039375 0.10125 0.07875
19 0.784375 0.076875 0.105 0.0925
19 0.864375 0.113125 0.10375 0.10375
19 0.796875 0.159375 0.10125 0.10125
19 0.875625 0.191875 0.105 0.09875
19 0.88875 0.27625 0.11125 0.10625
19 0.81625 0.32125 0.1 0.10875
19 0.895 0.355625 0.1075 0.1025
19 0.82125 0.405 0.1025 0.09875
19 0.90375 0.433125 0.1025 0.1025
19 0.836875 0.486875 0.1175 0.115
19 0.919375 0.5225 0.1025 0.10125
19 0.84875 0.575 0.10625 0.09875
19 0.935625 0.606875 0.1025 0.1
19 0.856875 0.660625 0.10625 0.1025
19 0.935625 0.69 0.10375 0.09875
19 0.9475 0.770625 0.105 0.11375
19 0.878125 0.830625 0.11 0.11
19 0.953125 0.86 0.09375 0.0975
19 0.595 0.0575 0.1075 0.115
19 0.53375 0.1075 0.0975 0.095
19 0.609375 0.140625 0.1 0.10875
19 0.544375 0.190625 0.10375 0.1
19 0.6225 0.224375 0.10125 0.10125
19 0.550625 0.27625 0.115 0.10875
19 0.566875 0.356875 0.11875 0.1125
19 0.63625 0.385 0.1075 0.1175
19 0.571875 0.4375 0.1025 0.10125
19 0.648125 0.471875 0.10125 0.1075
19 0.580625 0.52 0.105 0.105
19 0.659375 0.551875 0.1075 0.105
19 0.594375 0.6025 0.10375 0.10375
19 0.603125 0.6875 0.11625 0.11625
19 0.675 0.721875 0.11 0.1125
19 0.60375 0.775 0.12125 0.1125
19 0.68375 0.80625 0.10875 0.1025
19 0.615625 0.86125 0.11625 0.115
19 0.6925 0.893125 0.11125 0.10375