19 0.95625 0.123125 0.0875 0.10375
19 0.87875 0.158125 0.0975 0.08375
19 0.9475 0.213125 0.09625 0.09625
19 0.87 0.24125 0.09375 0.09375
19 0.93875 0.291875 0.09625 0.09
19 0.93125 0.376875 0.1025 0.0975
19 0.85 0.403125 0.09125 0.10125
19 0.91875 0.455625 0.1 0.09375
19 0.835 0.485625 0.095 0.09125
19 0.908125 0.533125 0.095 0.095
19 0.83 0.56875 0.10875 0.10625
19 0.901875 0.623125 0.095 0.09375
19 0.820625 0.656875 0.09875 0.09
19 0.896875 0.70875 0.095 0.0925
19 0.8075 0.741875 0.09875 0.09375
19 0.876875 0.789375 0.09625 0.09125
19 0.870625 0.871875 0.0975 0.10625
19 0.786875 0.9125 0.10125 0.10125
19 0.861875 0.95875 0.10375 0.0825
19 0.699375 0.09375 0.0975 0.1075
19 0.6275 0.1275 0.09 0.0875
19 0.693125 0.1775 0.09125 0.10125
19 0.618125 0.210625 0.09625 0.0925
19 0.685625 0.2625 0.09375 0.09375
19 0.603125 0.295625 0.10625 0.09875
19 0.599375 0.3775 0.11 0.10375
19 0.66 0.421875 0.09875 0.11
19 0.585 0.456875 0.095 0.09375
19 0.650625 0.50875 0.0925 0.1
19 0.573125 0.53875 0.0975 0.09625
19 0.6425 0.58875 0.1 0.09625
19 0.566875 0.6225 0.09625 0.09625
19 0.554375 0.706875 0.10625 0.10625
19 0.61625 0.7575 0.10125 0.10375
19 0.534375 0.791875 0.1125 0.1025
19 0.60375 0.841875 0.10125 0.09375
19 0.525 0.878125 0.10625 0.105
19 0.591875 0.928125 0.10375 0.095