19 0.543125 0.025625 0.12125 0.05125
19 0.630625 0.02375 0.12625 0.0475
19 0.59375 0.059375 0.1225 0.11875
19 0.678125 0.055 0.12375 0.11
19 0.73125 0.115625 0.1325 0.13125
19 0.69 0.19 0.12625 0.1275
19 0.775625 0.181875 0.1275 0.1275
19 0.735 0.26125 0.1225 0.1225
19 0.820625 0.245625 0.125 0.125
19 0.788125 0.325625 0.14125 0.14125
19 0.878125 0.31625 0.12375 0.12375
19 0.84125 0.39625 0.125 0.12375
19 0.9325 0.381875 0.12375 0.1225
19 0.89 0.4675 0.1275 0.12625
19 0.955625 0.45375 0.08875 0.1225
19 0.97875 0.51875 0.0425 0.135
19 0.961875 0.605625 0.07625 0.13375
19 0.36875 0.0675 0.135 0.135
19 0.339375 0.140625 0.1175 0.11625
19 0.42125 0.1325 0.12625 0.1275
19 0.38875 0.208125 0.12375 0.12375
19 0.47375 0.199375 0.1225 0.1225
19 0.43625 0.28 0.13625 0.135
19 0.48875 0.3425 0.14125 0.14
19 0.56375 0.333125 0.13625 0.1375
19 0.533125 0.410625 0.12375 0.12375
19 0.615625 0.40375 0.12625 0.1275
19 0.58 0.47875 0.1275 0.1275
19 0.664375 0.468125 0.13 0.12875
19 0.6325 0.544375 0.12625 0.12625
19 0.680625 0.614375 0.14125 0.14125
19 0.760625 0.609375 0.135 0.135
19 0.72375 0.69 0.1425 0.14125
19 0.809375 0.679375 0.12875 0.1275
19 0.77625 0.759375 0.14 0.14
19 0.85875 0.750625 0.13125 0.13