15 0.045 0.289375 0.09 0.12375
15 0.080625 0.385625 0.13875 0.1275
15 0.1375 0.473125 0.13875 0.12875
7 0.39 0.320625 0.15 0.13875
7 0.446875 0.41 0.16 0.15125
7 0.50375 0.5025 0.1525 0.1425
7 0.559375 0.594375 0.15625 0.14625
7 0.616875 0.688125 0.16375 0.15375
7 0.676875 0.779375 0.175 0.1625
7 0.7325 0.86625 0.17 0.16125
7 0.64875 0.055 0.175 0.11
7 0.705625 0.1225 0.16125 0.14875
7 0.76 0.216875 0.17625 0.16375
7 0.823125 0.30625 0.17875 0.16125
7 0.879375 0.3975 0.1775 0.16375
7 0.924375 0.494375 0.15125 0.15625
7 0.950625 0.585 0.09875 0.165
7 0.981875 0.678125 0.03625 0.15125