15 0.17 0.095625 0.1175 0.085
15 0.178125 0.208125 0.11875 0.0875
15 0.189375 0.311875 0.11875 0.08875
7 0.483125 0.29 0.1275 0.0975
7 0.493125 0.395625 0.1325 0.11
7 0.501875 0.504375 0.13 0.1
7 0.51 0.610625 0.13125 0.10375
7 0.51875 0.720625 0.1375 0.10875
7 0.530625 0.829375 0.15 0.11375
7 0.540625 0.931875 0.14125 0.11625
7 0.82875 0.04875 0.15 0.0975
7 0.845 0.15 0.15375 0.105
7 0.854375 0.256875 0.1375 0.10375
7 0.86 0.365625 0.15 0.115
7 0.87625 0.474375 0.155 0.10875
7 0.885 0.580625 0.15125 0.115
7 0.88875 0.6925 0.145 0.10875
7 0.898125 0.79875 0.15 0.11625
7 0.905 0.906875 0.14 0.105