15 0.680625 0.030625 0.12875 0.06125
15 0.709375 0.119375 0.13 0.10625
15 0.7325 0.220625 0.13125 0.1075
7 0.4475 0.29625 0.14 0.1175
7 0.4725 0.399375 0.14875 0.13
7 0.499375 0.505 0.14375 0.12
7 0.52625 0.608125 0.145 0.12375
7 0.554375 0.714375 0.1525 0.13
7 0.578125 0.82125 0.165 0.1375
7 0.601875 0.921875 0.1575 0.13875
7 0.06125 0.175625 0.1225 0.13375
7 0.071875 0.28125 0.14375 0.13
7 0.085625 0.385625 0.15125 0.12625
7 0.115625 0.490625 0.165 0.13875
7 0.13625 0.598125 0.16875 0.13375
7 0.1625 0.701875 0.16625 0.13875
7 0.195 0.80875 0.16 0.13125
7 0.220625 0.911875 0.165 0.14
7 0.249375 0.97625 0.15375 0.0475