8 0.9555555555555556 0.733458177278402 0.07777777777777778 0.08239700374531835
8 0.8703703703703703 0.6853932584269663 0.07777777777777778 0.08239700374531835
8 0.7950617283950617 0.6392009987515606 0.08024691358024691 0.08239700374531835
8 0.2839506172839506 0.3364544319600499 0.07037037037037037 0.07365792759051186
8 0.35 0.3751560549313358 0.07160493827160494 0.0749063670411985
8 0.4160493827160494 0.4151061173533084 0.07160493827160494 0.07116104868913857
8 0.49382716049382713 0.45630461922596754 0.07160493827160494 0.07365792759051186
8 0.5648148148148148 0.5006242197253433 0.07037037037037037 0.07365792759051186
8 0.641358024691358 0.5493133583021224 0.07407407407407407 0.07865168539325842
8 0.08024691358024691 0.2103620474406991 0.07901234567901234 0.08489388264669163
8 0.02345679012345679 0.16916354556803995 0.04691358024691358 0.07615480649188515