18 0.7603795966785291 0.5448179271708683 0.07829181494661921 0.08543417366946779
18 0.6708185053380783 0.5182072829131653 0.07829181494661921 0.08543417366946779
18 0.5836298932384342 0.49019607843137253 0.07829181494661921 0.08543417366946779
18 0.8179122182680901 0.6603641456582633 0.08540925266903915 0.09523809523809523
18 0.4988137603795967 0.5609243697478992 0.08066429418742586 0.0938375350140056
18 0.8220640569395018 0.7584033613445378 0.08185053380782918 0.08403361344537816
18 0.732502965599051 0.7310924369747899 0.07354685646500593 0.08263305322128851
18 0.6429418742586003 0.7030812324929971 0.07473309608540925 0.08403361344537816
18 0.465005931198102 0.6470588235294118 0.07591933570581258 0.08683473389355742
18 0.3730723606168446 0.6197478991596639 0.07354685646500593 0.0784313725490196
18 0.28529062870699884 0.5917366946778712 0.0771055753262159 0.08823529411764706
18 0.19750889679715303 0.5651260504201681 0.0771055753262159 0.08263305322128851