18 0.7437722419928826 0.6176470588235294 0.08540925266903915 0.09663865546218488
18 0.6619217081850534 0.5665266106442577 0.08540925266903915 0.09663865546218488
18 0.5830367734282325 0.5147058823529411 0.08540925266903915 0.09663865546218488
18 0.7758007117437722 0.7457983193277311 0.09252669039145907 0.10644257703081232
18 0.4863582443653618 0.5588235294117647 0.08896797153024912 0.10364145658263306
18 0.7597864768683275 0.8431372549019608 0.08778173190984578 0.09523809523809523
18 0.6785290628706999 0.7906162464985994 0.08066429418742586 0.09243697478991597
18 0.5966785290628707 0.7373949579831933 0.08185053380782918 0.09523809523809523
18 0.4359430604982206 0.6323529411764706 0.0830367734282325 0.09663865546218488
18 0.35231316725978645 0.5798319327731093 0.07947805456702253 0.08823529411764706
18 0.27283511269276395 0.5280112044817927 0.08422301304863583 0.09803921568627451
18 0.19276393831553973 0.47689075630252103 0.0830367734282325 0.0938375350140056