18 0.7384341637010676 0.6323529411764706 0.08540925266903915 0.09803921568627451
18 0.6589561091340451 0.5763305322128851 0.08540925266903915 0.09803921568627451
18 0.5824436536180309 0.5196078431372549 0.08540925266903915 0.09803921568627451
18 0.7645314353499407 0.7626050420168067 0.0937129300118624 0.10784313725490197
18 0.48398576512455516 0.5574229691876751 0.09015421115065243 0.10504201680672269
18 0.7443653618030842 0.8585434173669467 0.08778173190984578 0.09803921568627451
18 0.6654804270462633 0.8011204481792717 0.08066429418742586 0.0938375350140056
18 0.5860023724792408 0.7429971988795518 0.0830367734282325 0.09663865546218488
18 0.43001186239620404 0.6281512605042017 0.08422301304863583 0.09803921568627451
18 0.3487544483985765 0.5700280112044818 0.07947805456702253 0.0896358543417367
18 0.27164887307236063 0.5140056022408963 0.08540925266903915 0.09943977591036414
18 0.19454329774614473 0.4579831932773109 0.0830367734282325 0.09523809523809523