11 0.95375 0.314375 0.0925 0.18625
11 0.8825 0.35 0.16 0.17875
11 0.92875 0.451875 0.1425 0.17625
11 0.82875 0.488125 0.17375 0.1875
11 0.8775 0.5875 0.16625 0.1825
11 0.765625 0.616875 0.175 0.1825
11 0.818125 0.721875 0.1675 0.18125
11 0.714375 0.75875 0.175 0.1925
11 0.761875 0.854375 0.16375 0.17875
11 0.64875 0.8975 0.17625 0.1875
11 0.699375 0.95 0.17125 0.1
11 0.675 0.165 0.175 0.1925
11 0.566875 0.1925 0.16 0.175
11 0.61875 0.30375 0.1675 0.18
11 0.51 0.333125 0.17625 0.19125
11 0.558125 0.434375 0.17125 0.185
11 0.445 0.468125 0.18375 0.19125
11 0.50125 0.57 0.16625 0.18375
11 0.38875 0.606875 0.175 0.18125
11 0.441875 0.710625 0.16875 0.185
11 0.326875 0.74625 0.16625 0.18625
11 0.37875 0.848125 0.17 0.1875
11 0.3525 0.0525 0.1675 0.105
11 0.29375 0.151875 0.17 0.18625
11 0.236875 0.28625 0.175 0.18375
11 0.178125 0.425 0.1775 0.18875
11 0.11875 0.556875 0.16125 0.17875
11 0.073125 0.7025 0.14625 0.19