11 0.13125 0.12375 0.11875 0.1525
11 0.216875 0.2025 0.10875 0.14875
11 0.123125 0.270625 0.11125 0.14625
11 0.2075 0.35 0.1225 0.1525
11 0.12125 0.42 0.115 0.15125
11 0.21 0.49375 0.1275 0.145
11 0.118125 0.566875 0.11875 0.1475
11 0.19625 0.644375 0.12 0.16
11 0.113125 0.710625 0.11375 0.1475
11 0.196875 0.7975 0.12625 0.15125
11 0.10875 0.865 0.1175 0.15875
11 0.4825 0.121875 0.12125 0.15875
11 0.56875 0.193125 0.11125 0.14375
11 0.475625 0.2725 0.11875 0.14625
11 0.561875 0.344375 0.12375 0.15625
11 0.475 0.41625 0.12 0.15125
11 0.563125 0.494375 0.13375 0.15125
11 0.469375 0.563125 0.11375 0.1525
11 0.555625 0.64375 0.12875 0.1425
11 0.46375 0.715625 0.1175 0.1525
11 0.5525 0.79625 0.1125 0.15625
11 0.4625 0.866875 0.1175 0.155
11 0.83875 0.121875 0.1175 0.14875
11 0.834375 0.271875 0.11875 0.1525
11 0.82875 0.4175 0.1275 0.14625
11 0.823125 0.568125 0.12625 0.1525
11 0.82125 0.7125 0.11 0.1475
11 0.8125 0.86875 0.12 0.15625