11 0.333125 0.04625 0.16875 0.0925
11 0.375625 0.108125 0.15875 0.17875
11 0.26125 0.12875 0.15875 0.17625
11 0.3025 0.236875 0.1725 0.18625
11 0.194375 0.261875 0.165 0.1825
11 0.241875 0.3675 0.17375 0.1825
11 0.1275 0.3925 0.16625 0.18
11 0.16375 0.49625 0.1725 0.1925
11 0.070625 0.519375 0.14125 0.17875
11 0.0975 0.634375 0.175 0.1875
11 0.03625 0.65625 0.0725 0.19
11 0.65 0.1525 0.17375 0.19125
11 0.696875 0.254375 0.15875 0.17375
11 0.5775 0.284375 0.16625 0.18
11 0.62375 0.3875 0.175 0.19
11 0.514375 0.41375 0.16875 0.185
11 0.55875 0.5225 0.18125 0.19
11 0.445 0.543125 0.16375 0.1825
11 0.486875 0.65375 0.17375 0.18
11 0.373125 0.678125 0.1675 0.185
11 0.4175 0.789375 0.165 0.18625
11 0.305625 0.81375 0.16875 0.18625
11 0.943125 0.308125 0.11375 0.18125
11 0.900625 0.44125 0.16875 0.185
11 0.831875 0.57 0.17375 0.1825
11 0.760625 0.703125 0.175 0.18875
11 0.695625 0.831875 0.15875 0.1775
11 0.619375 0.936875 0.17125 0.12625