7 0.56375 0.044375 0.1775 0.08875
7 0.57 0.145625 0.1925 0.14875
7 0.589375 0.27375 0.185 0.14875
7 0.6025 0.4025 0.17875 0.14125
7 0.621875 0.544375 0.19125 0.14625
7 0.63125 0.668125 0.18875 0.14875
7 0.649375 0.8 0.185 0.1475
7 0.71 0.8675 0.18 0.13625
7 0.65875 0.92875 0.185 0.12625
7 0.190625 0.175625 0.19125 0.14875
7 0.205 0.30625 0.185 0.14125
7 0.2175 0.4375 0.19125 0.15125
7 0.233125 0.565 0.17875 0.14875
7 0.241875 0.700625 0.19375 0.135
7 0.32375 0.894375 0.19625 0.145
7 0.2675 0.956875 0.19 0.08625