7 0.345625 0.0475 0.16375 0.095
7 0.36375 0.165625 0.175 0.12
7 0.36875 0.295 0.1675 0.12125
7 0.380625 0.42375 0.1625 0.11375
7 0.38875 0.566875 0.17375 0.1175
7 0.403125 0.69 0.17125 0.12
7 0.410625 0.8225 0.1675 0.12
7 0.364375 0.900625 0.165 0.1075
7 0.42625 0.95125 0.17125 0.09625
7 0.741875 0.1225 0.17375 0.12
7 0.7525 0.25375 0.16875 0.11375
7 0.765625 0.385 0.17375 0.1225
7 0.774375 0.5125 0.16 0.12125
7 0.791875 0.6475 0.18 0.10375
7 0.74875 0.853125 0.18 0.115
7 0.819375 0.92625 0.17625 0.10125