18 0.2984261501210654 0.4377853881278539 0.1053268765133172 0.09817351598173515
18 0.3946731234866828 0.4514840182648402 0.1089588377723971 0.10159817351598173
18 0.26331719128329295 0.6244292237442922 0.11501210653753027 0.10844748858447488
18 0.3619854721549637 0.6398401826484018 0.11259079903147699 0.10730593607305935
18 0.6815980629539952 0.0593607305936073 0.11380145278450363 0.10730593607305935
18 0.662227602905569 0.1769406392694064 0.11380145278450363 0.1095890410958904
18 0.6404358353510896 0.2962328767123288 0.1162227602905569 0.11073059360730593
18 0.6192493946731235 0.4138127853881279 0.11259079903147699 0.1095890410958904
18 0.5950363196125908 0.5308219178082192 0.10774818401937046 0.10273972602739725
18 0.5732445520581114 0.6506849315068494 0.11016949152542373 0.10730593607305935
18 0.5520581113801453 0.7659817351598174 0.10774818401937046 0.10388127853881278
18 0.5308716707021792 0.8858447488584474 0.10290556900726393 0.10273972602739725
18 0.5078692493946732 0.9748858447488584 0.1053268765133172 0.0502283105022831