7 0.404375 0.1425 0.1125 0.1275
7 0.2475 0.205 0.11 0.125
7 0.16625 0.235 0.10875 0.12375
7 0.088125 0.265625 0.10875 0.12375
7 0.031875 0.29625 0.06375 0.1275
7 0.645625 0.2925 0.1075 0.11875
7 0.410625 0.384375 0.11 0.1225
7 0.33125 0.41625 0.11 0.12375
7 0.254375 0.44875 0.10625 0.12375
7 0.174375 0.478125 0.1075 0.12125
7 0.750625 0.566875 0.1125 0.1325
7 0.669375 0.595625 0.1075 0.12625
7 0.595625 0.625625 0.10625 0.12375
7 0.516875 0.655625 0.1075 0.12875
7 0.4375 0.68625 0.1125 0.12875
7 0.358125 0.716875 0.10625 0.12875
7 0.276875 0.75125 0.1175 0.13
7 0.968125 0.7175 0.06375 0.1225
7 0.914375 0.748125 0.1075 0.12375
7 0.836875 0.78 0.1075 0.12375
7 0.758125 0.808125 0.11125 0.125
7 0.67875 0.839375 0.1025 0.115
7 0.60125 0.86875 0.10875 0.12
7 0.52 0.8975 0.1025 0.12125
7 0.443125 0.93 0.11125 0.1225
7 0.363125 0.950625 0.11125 0.09875
7 0.281875 0.964375 0.11125 0.07125