7 0.639375 0.156875 0.11125 0.12625
7 0.47625 0.1125 0.10875 0.125
7 0.393125 0.0875 0.1075 0.1225
7 0.311875 0.065 0.1075 0.1225
7 0.23 0.0525 0.1075 0.105
7 0.740625 0.421875 0.10625 0.1175
7 0.498125 0.354375 0.10875 0.12125
7 0.415625 0.33125 0.10875 0.12375
7 0.335 0.310625 0.105 0.12375
7 0.253125 0.28625 0.10625 0.12125
7 0.659375 0.704375 0.11125 0.13125
7 0.5775 0.678125 0.10625 0.125
7 0.500625 0.658125 0.105 0.12375
7 0.42 0.634375 0.10625 0.12875
7 0.338125 0.61125 0.11125 0.12875
7 0.25625 0.5875 0.105 0.1275
7 0.170625 0.56625 0.11625 0.12875
7 0.761875 0.955 0.11125 0.09
7 0.681875 0.943125 0.10625 0.11375
7 0.600625 0.92625 0.10625 0.1225
7 0.520625 0.901875 0.11 0.12375
7 0.43875 0.87875 0.10125 0.115
7 0.35875 0.855625 0.1075 0.11875
7 0.276875 0.829375 0.10125 0.12
7 0.195625 0.809375 0.11 0.12125
7 0.113125 0.786875 0.11 0.11875
7 0.041875 0.7625 0.08375 0.1275