7 0.2725 0.208125 0.1325 0.13375
7 0.1525 0.326875 0.13 0.13125
7 0.089375 0.38625 0.1275 0.13
7 0.04625 0.445 0.0925 0.13
7 0.01625 0.50375 0.0325 0.1325
7 0.5525 0.2525 0.125 0.12625
7 0.3725 0.42875 0.12875 0.13
7 0.311875 0.48875 0.12875 0.13125
7 0.25375 0.54875 0.1275 0.12875
7 0.191875 0.606875 0.12625 0.1275
7 0.756875 0.46375 0.135 0.1375
7 0.693125 0.521875 0.12875 0.13125
7 0.636875 0.578125 0.1275 0.12875
7 0.57625 0.63625 0.13 0.1325
7 0.515625 0.695625 0.13375 0.135
7 0.45375 0.755 0.12875 0.1325
7 0.393125 0.818125 0.1375 0.13875
7 0.986875 0.508125 0.02625 0.13125
7 0.9575 0.565625 0.085 0.12875
7 0.919375 0.62625 0.1275 0.12875
7 0.858125 0.683125 0.13125 0.1325
7 0.7975 0.7425 0.12 0.12125
7 0.7375 0.8 0.12625 0.1275
7 0.67375 0.858125 0.12375 0.125
7 0.615625 0.918125 0.12875 0.13
7 0.555 0.956875 0.1275 0.08625
7 0.491875 0.985625 0.13125 0.02875