11 0.98125 0.453125 0.0375 0.12125
11 0.950625 0.518125 0.09875 0.13625
11 0.90875 0.5925 0.12375 0.12875
11 0.84375 0.669375 0.12375 0.12875
11 0.779375 0.74375 0.12375 0.12625
11 0.71125 0.820625 0.13375 0.1375
11 0.648125 0.90375 0.12375 0.13125
11 0.57625 0.95875 0.1325 0.0825
11 0.888125 0.22625 0.11875 0.1225
11 0.90375 0.295 0.12125 0.12625
11 0.824375 0.289375 0.12 0.12375
11 0.841875 0.365 0.1175 0.1225
11 0.759375 0.353125 0.12375 0.125
11 0.78375 0.43125 0.1175 0.12125
11 0.695625 0.42875 0.12875 0.135
11 0.714375 0.501875 0.13375 0.13875
11 0.5825 0.649375 0.1475 0.15375
11 0.52 0.723125 0.13875 0.14625
11 0.44625 0.81 0.12625 0.1325
11 0.358125 0.80875 0.13375 0.14
11 0.373125 0.895 0.13625 0.14375
11 0.2775 0.88875 0.1375 0.14