11 0.980625 0.434375 0.03875 0.12125
11 0.950625 0.50125 0.09875 0.135
11 0.911875 0.578125 0.1225 0.12875
11 0.849375 0.656875 0.1225 0.12875
11 0.788125 0.73375 0.1225 0.12625
11 0.7225 0.813125 0.1325 0.1375
11 0.6625 0.898125 0.1225 0.13
11 0.593125 0.956875 0.13125 0.08625
11 0.87875 0.2125 0.1175 0.1225
11 0.89625 0.28125 0.12 0.12625
11 0.816875 0.278125 0.11875 0.1225
11 0.836875 0.353125 0.11625 0.1225
11 0.75375 0.34375 0.1225 0.12375
11 0.78125 0.42125 0.11625 0.12125
11 0.693125 0.421875 0.1275 0.13375
11 0.714375 0.494375 0.13125 0.13875
11 0.5875 0.64625 0.145 0.1525
11 0.5275 0.7225 0.1375 0.145
11 0.456875 0.81125 0.125 0.13125
11 0.369375 0.813125 0.1325 0.14
11 0.386875 0.899375 0.13375 0.14375
11 0.29125 0.89625 0.13625 0.13875