11 0.9225 0.084375 0.09375 0.095
11 0.9125 0.175625 0.085 0.09125
11 0.9025 0.26 0.095 0.1025
11 0.893125 0.355 0.0825 0.1025
11 0.88 0.455 0.0825 0.1025
11 0.8675 0.551875 0.085 0.0975
11 0.851875 0.65375 0.0925 0.10625
11 0.844375 0.758125 0.08125 0.105
11 0.830625 0.868125 0.08375 0.11875
11 0.67625 0.05875 0.08125 0.095
11 0.726875 0.108125 0.08125 0.1
11 0.6575 0.14625 0.08125 0.09625
11 0.713125 0.200625 0.0775 0.0975
11 0.636875 0.235625 0.08875 0.0925
11 0.700625 0.288125 0.08 0.095
11 0.625625 0.333125 0.08625 0.10625
11 0.680625 0.385 0.09 0.11
11 0.650625 0.58 0.09875 0.12125
11 0.638125 0.67625 0.0925 0.11625
11 0.62375 0.789375 0.08375 0.105
11 0.549375 0.835625 0.09 0.11125
11 0.60875 0.900625 0.08875 0.11625
11 0.525625 0.9475 0.0975 0.105