7 0.09875 0.17 0.09875 0.09125
7 0.126875 0.280625 0.10375 0.0875
7 0.156875 0.370625 0.1125 0.08625
7 0.17875 0.468125 0.10875 0.0925
7 0.204375 0.55875 0.11125 0.09375
7 0.231875 0.6525 0.1075 0.08875
7 0.37125 0.213125 0.11125 0.08875
7 0.400625 0.31 0.11 0.09
7 0.42375 0.405 0.10125 0.0875
7 0.45 0.494375 0.095 0.08875
7 0.475625 0.589375 0.10875 0.08625
7 0.784375 0.476875 0.10625 0.08875
7 0.804375 0.556875 0.10875 0.085
7 0.825625 0.635 0.1125 0.08125
7 0.849375 0.706875 0.1025 0.085
7 0.869375 0.78875 0.10625 0.0775