7 0.105 0.163125 0.09625 0.09
7 0.130625 0.27375 0.1025 0.08625
7 0.159375 0.365 0.11125 0.085
7 0.179375 0.4625 0.10625 0.09125
7 0.20375 0.55375 0.10875 0.0925
7 0.229375 0.6475 0.10625 0.0875
7 0.37625 0.21125 0.11 0.0875
7 0.40375 0.308125 0.10875 0.08875
7 0.425625 0.40375 0.1 0.08625
7 0.450625 0.49375 0.09375 0.0875
7 0.474375 0.589375 0.1075 0.085
7 0.784375 0.481875 0.105 0.0875
7 0.80375 0.561875 0.1075 0.08375
7 0.823125 0.640625 0.11125 0.08
7 0.845625 0.713125 0.10125 0.08375
7 0.864375 0.795 0.105 0.07625