7 0.039375 0.30125 0.07875 0.1125
7 0.07875 0.399375 0.1225 0.11125
7 0.134375 0.476875 0.13 0.11375
7 0.183125 0.563125 0.1275 0.1175
7 0.234375 0.6425 0.13 0.12
7 0.288125 0.724375 0.12625 0.11375
7 0.293125 0.26375 0.13 0.115
7 0.349375 0.3475 0.12875 0.11625
7 0.399375 0.431875 0.12 0.11125
7 0.450625 0.509375 0.115 0.11
7 0.503125 0.5925 0.12625 0.1125
7 0.765 0.395 0.125 0.11375
7 0.808125 0.465 0.12625 0.11125
7 0.850625 0.53375 0.12875 0.10875
7 0.895 0.595625 0.12 0.10875
7 0.9375 0.668125 0.12125 0.10375