7 0.053125 0.305 0.10625 0.155
7 0.098125 0.3175 0.16875 0.1625
7 0.095 0.4 0.17625 0.1725
7 0.173125 0.41125 0.1675 0.16375
7 0.1725 0.488125 0.16125 0.1525
7 0.25 0.50625 0.1675 0.16125
7 0.24875 0.581875 0.17125 0.16625
7 0.320625 0.6025 0.18125 0.175
7 0.32375 0.683125 0.17625 0.17375
7 0.40375 0.778125 0.18125 0.1775
7 0.47875 0.86875 0.1925 0.18625
7 0.62625 0.94625 0.1825 0.1075
7 0.299375 0.08125 0.1675 0.16125
7 0.369375 0.094375 0.17125 0.165
7 0.373125 0.1675 0.18625 0.1825
7 0.446875 0.258125 0.1825 0.1775
7 0.5225 0.346875 0.1825 0.1775
7 0.680625 0.54125 0.1825 0.17625