7 0.59125 0.03625 0.1625 0.0725
7 0.594375 0.074375 0.16875 0.14875
7 0.513125 0.084375 0.17625 0.16875
7 0.51875 0.161875 0.16875 0.16125
7 0.44375 0.1775 0.16125 0.15
7 0.441875 0.25625 0.16875 0.16
7 0.3675 0.27125 0.1725 0.165
7 0.3625 0.345625 0.1825 0.1725
7 0.284375 0.365625 0.17625 0.1725
7 0.208125 0.46375 0.18125 0.17625
7 0.135 0.55625 0.1925 0.185
7 0.07375 0.72375 0.1475 0.1725
7 0.868125 0.216875 0.16875 0.16
7 0.87 0.2875 0.17125 0.16375
7 0.799375 0.306875 0.18625 0.18125
7 0.725 0.3975 0.1825 0.17625
7 0.654375 0.490625 0.18375 0.17625
7 0.496875 0.685625 0.1825 0.175