7 0.208125 0.078125 0.14625 0.105
7 0.2625 0.128125 0.15 0.1125
7 0.215 0.195625 0.15375 0.1225
7 0.274375 0.2475 0.1475 0.115
7 0.231875 0.311875 0.1525 0.09625
7 0.286875 0.36875 0.15125 0.10875
7 0.245 0.431875 0.15375 0.11375
7 0.29375 0.488125 0.165 0.11625
7 0.2525 0.5575 0.15 0.1275
7 0.268125 0.680625 0.155 0.12875
7 0.28125 0.7975 0.16875 0.13125
7 0.34375 0.956875 0.1675 0.08625
7 0.559375 0.04625 0.15375 0.0925
7 0.61125 0.088125 0.15375 0.11125
7 0.575 0.151875 0.15875 0.1325
7 0.586875 0.268125 0.15875 0.12625
7 0.6025 0.384375 0.16125 0.125
7 0.629375 0.633125 0.1625 0.12125