5 0.114375 0.295 0.17375 0.17375
5 0.204375 0.235625 0.16125 0.16125
5 0.22375 0.356875 0.17875 0.17625
5 0.315625 0.299375 0.17 0.16875
5 0.333125 0.415625 0.18375 0.18125
5 0.42375 0.355 0.17375 0.1725
5 0.435625 0.480625 0.17375 0.1725
5 0.53375 0.413125 0.17625 0.17625
5 0.666875 0.59875 0.18625 0.18625
5 0.77875 0.6675 0.20125 0.20125
5 0.04625 0.53875 0.0925 0.1775
5 0.11375 0.6025 0.175 0.17625
5 0.218125 0.663125 0.18125 0.17875
5 0.33125 0.72 0.17375 0.17375
5 0.43625 0.791875 0.18375 0.1825
5 0.550625 0.85625 0.18875 0.1875
5 0.554375 0.539375 0.19625 0.19375
5 0.67 0.9125 0.1825 0.175