5 0.744375 0.138125 0.15375 0.145
5 0.636875 0.1275 0.14125 0.13625
5 0.676875 0.24375 0.16 0.145
5 0.568125 0.23625 0.15125 0.14
5 0.6075 0.346875 0.16625 0.1475
5 0.499375 0.33625 0.15 0.14625
5 0.548125 0.4525 0.15375 0.1425
5 0.429375 0.439375 0.15375 0.14875
5 0.39875 0.665625 0.16 0.16
5 0.3325 0.77875 0.17875 0.1675
5 0.94 0.300625 0.12 0.15125
5 0.889375 0.40875 0.15 0.15125
5 0.825625 0.511875 0.16125 0.1475
5 0.751875 0.615 0.1525 0.14625
5 0.693125 0.728125 0.1625 0.15125
5 0.6225 0.838125 0.165 0.1575
5 0.470625 0.560625 0.18 0.155
5 0.544375 0.93625 0.16375 0.1275