5 0.56 0.069375 0.15 0.13875
5 0.459375 0.105625 0.1375 0.13375
5 0.54625 0.1925 0.1575 0.14125
5 0.445625 0.233125 0.1475 0.13625
5 0.53 0.315625 0.16375 0.14375
5 0.428125 0.353125 0.1475 0.14375
5 0.5225 0.43625 0.15125 0.14
5 0.41 0.47625 0.15125 0.145
5 0.481875 0.693125 0.15625 0.1575
5 0.471875 0.824375 0.175 0.16375
5 0.823125 0.12125 0.15 0.1475
5 0.81 0.2475 0.1475 0.1475
5 0.7975 0.3675 0.15875 0.14375
5 0.776875 0.493125 0.15 0.1425
5 0.77375 0.62 0.16 0.1475
5 0.758125 0.750625 0.1625 0.15375
5 0.5 0.566875 0.17625 0.15125
5 0.73625 0.8825 0.16 0.145