18 0.6165279429250892 0.07283236994219654 0.10463733650416171 0.09595375722543352
18 0.5112960760998811 0.05722543352601156 0.10820451843043995 0.09595375722543352
18 0.5760998810939358 0.3023121387283237 0.11414982164090369 0.10520231213872833
18 0.47265160523186683 0.292485549132948 0.1117717003567182 0.10173410404624278
18 0.20927467300832342 0.34566473988439306 0.10820451843043995 0.10404624277456648
18 0.5523186682520809 0.530635838150289 0.11296076099881094 0.10520231213872833
18 0.4423305588585018 0.5144508670520231 0.1070154577883472 0.09942196531791908
18 0.18430439952437574 0.49017341040462425 0.09631391200951249 0.10751445086705202
18 0.5053507728894173 0.7867052023121387 0.1117717003567182 0.09595375722543352
18 0.3977407847800238 0.7664739884393064 0.11771700356718193 0.10289017341040463
18 0.37098692033293695 0.9722543352601156 0.11414982164090369 0.055491329479768786