18 0.8573127229488704 0.22658959537572254 0.1117717003567182 0.10520231213872833
18 0.7835909631391201 0.15260115606936417 0.11533888228299644 0.10520231213872833
18 0.683115338882283 0.38670520231213873 0.12247324613555291 0.11445086705202312
18 0.6064209274673008 0.3179190751445087 0.11890606420927467 0.11098265895953757
18 0.3632580261593341 0.2069364161849711 0.11652794292508918 0.11213872832369942
18 0.5225921521997622 0.5549132947976878 0.12128418549346016 0.11445086705202312
18 0.44530321046373367 0.47803468208092487 0.11414982164090369 0.10867052023121387
18 0.25386444708680145 0.30751445086705204 0.1070154577883472 0.11445086705202312
18 0.3269916765755054 0.7317919075144509 0.11771700356718193 0.10635838150289018
18 0.25326991676575505 0.653179190751445 0.1248513674197384 0.11329479768786127
18 0.08977407847800238 0.8208092485549133 0.12128418549346016 0.11213872832369942