18 0.26694411414982167 0.12023121387283237 0.09036860879904875 0.08092485549132948
18 0.3632580261593341 0.07745664739884393 0.093935790725327 0.07976878612716763
18 0.37098692033293695 0.33005780346820807 0.09869203329369798 0.08901734104046242
18 0.46730083234244946 0.2930635838150289 0.09631391200951249 0.08554913294797688
18 0.7360285374554102 0.27398843930635836 0.09274673008323424 0.08901734104046242
18 0.4589774078478002 0.5433526011560693 0.09750297265160524 0.08901734104046242
18 0.5594530321046374 0.49884393063583815 0.09155766944114149 0.08439306358381503
18 0.8008323424494649 0.40578034682080927 0.07966706302021404 0.09479768786127167
18 0.5760998810939358 0.776878612716763 0.09750297265160524 0.07976878612716763
18 0.6741973840665874 0.7289017341040462 0.10225921521997622 0.08554913294797688
18 0.7645659928656362 0.9421965317919075 0.09869203329369798 0.08554913294797688