10 0.539375 0.0625 0.1 0.085
10 0.51875 0.12375 0.0975 0.0825
10 0.499375 0.18625 0.0975 0.08625
10 0.47 0.245 0.09875 0.08375
0 0.449375 0.306875 0.10375 0.09
0 0.4275 0.36375 0.10375 0.08625
0 0.405625 0.421875 0.1 0.08375
0 0.380625 0.481875 0.10375 0.0875
10 0.353125 0.569375 0.10125 0.08875
0 0.331875 0.633125 0.1025 0.09
0 0.305625 0.69125 0.10125 0.0825
0 0.281875 0.749375 0.10375 0.0875
0 0.261875 0.815 0.10375 0.08875
10 0.23625 0.8725 0.095 0.08
0 0.17625 0.46 0.1025 0.085
0 0.19875 0.385 0.1025 0.0825
0 0.220625 0.325625 0.0925 0.0775
0 0.244375 0.270625 0.10125 0.08125
0 0.265625 0.209375 0.10625 0.09
10 0.29 0.145625 0.10375 0.08625
0 0.314375 0.078125 0.1075 0.0925