10 0.455625 0.063125 0.09125 0.07125
10 0.446875 0.126875 0.09 0.07
10 0.439375 0.191875 0.08875 0.07375
10 0.421875 0.255625 0.09 0.07125
0 0.413125 0.32 0.09375 0.07625
0 0.4025 0.380625 0.095 0.07125
0 0.3925 0.44125 0.0925 0.07
0 0.379375 0.505 0.095 0.07375
10 0.369375 0.59625 0.09125 0.075
0 0.360625 0.6625 0.0925 0.07625
0 0.345625 0.725 0.09375 0.06875
0 0.33375 0.786875 0.095 0.07375
0 0.32625 0.854375 0.095 0.075
10 0.3125 0.915625 0.0875 0.0675
0 0.174375 0.5225 0.09375 0.07125
0 0.181875 0.444375 0.095 0.0675
0 0.1925 0.3825 0.08375 0.065
0 0.205625 0.32375 0.09375 0.0675
0 0.214375 0.259375 0.0975 0.075
10 0.22625 0.1925 0.095 0.07125
0 0.2375 0.12125 0.0975 0.0775