10 0.415 0.06875 0.1025 0.09125
10 0.441875 0.1275 0.10125 0.08875
10 0.468125 0.1875 0.10125 0.0925
10 0.503125 0.243125 0.10125 0.09
0 0.53 0.3025 0.1075 0.09625
0 0.558125 0.356875 0.10625 0.0925
0 0.585625 0.4125 0.10375 0.09
0 0.616875 0.469375 0.1075 0.095
10 0.653125 0.55375 0.10375 0.09375
0 0.68125 0.614375 0.10625 0.09625
0 0.71375 0.67 0.10375 0.09
0 0.743125 0.725625 0.1075 0.095
0 0.769375 0.788125 0.1075 0.09625
10 0.80125 0.8425 0.0975 0.08625
0 0.8175 0.42625 0.105 0.09125
0 0.7875 0.354375 0.105 0.08875
0 0.759375 0.2975 0.095 0.08375
0 0.73 0.245625 0.10375 0.08875
0 0.703125 0.18625 0.11 0.09625
10 0.671875 0.125625 0.10625 0.0925
0 0.64 0.060625 0.11125 0.09875