18 0.3825581395348837 0.15849486887115166 0.09883720930232558 0.08323831242873432
18 0.49883720930232556 0.11573546180159636 0.10348837209302325 0.08665906499429875
18 0.3447674418604651 0.42930444697833525 0.1 0.08323831242873432
18 0.5383720930232558 0.3660205245153934 0.1058139534883721 0.08437856328392246
18 0.6441860465116279 0.3244013683010262 0.08372093023255814 0.10148232611174458
18 0.42209302325581394 0.6550741163055872 0.10116279069767442 0.08209806157354618
18 0.6104651162790697 0.5843785632839225 0.09883720930232558 0.09007981755986318
18 0.7098837209302326 0.5530216647662486 0.0941860465116279 0.08323831242873432
18 0.5290697674418605 0.9315849486887116 0.09534883720930233 0.08665906499429875
18 0.6238372093023256 0.8956670467502851 0.09651162790697675 0.08779931584948689
18 0.7215116279069768 0.8603192702394526 0.09767441860465116 0.09578107183580388
18 0.8162790697674419 0.8329532497149373 0.09069767441860466 0.08893956670467502