18 0.28604651162790695 0.20695553021664767 0.11046511627906977 0.09920182440136831
18 0.3843023255813954 0.13283922462941847 0.11627906976744186 0.10262257696693272
18 0.3302325581395349 0.4766248574686431 0.1127906976744186 0.09920182440136831
18 0.49709302325581395 0.36088939566704675 0.1186046511627907 0.10034207525655645
18 0.5854651162790697 0.290193842645382 0.10116279069767442 0.11402508551881414
18 0.47151162790697676 0.6710376282782212 0.11395348837209303 0.09806157354618016
18 0.6308139534883721 0.54903078677309 0.1127906976744186 0.10490307867730901
18 0.7162790697674418 0.4908779931584949 0.1058139534883721 0.09806157354618016
18 0.6563953488372093 0.9042189281641961 0.10813953488372093 0.10148232611174458
18 0.7366279069767442 0.8432155074116305 0.10930232558139535 0.10262257696693272
18 0.8197674418604651 0.7810718358038768 0.1127906976744186 0.11060433295324971
18 0.9017441860465116 0.7280501710376283 0.10465116279069768 0.10262257696693272