18 0.7761627906976745 0.26168757126567843 0.11976744186046512 0.11174458380843785
18 0.6970930232558139 0.1676168757126568 0.12558139534883722 0.11744583808437856
18 0.6703488372093023 0.5148232611174458 0.12209302325581395 0.11288483466362599
18 0.5348837209302325 0.36488027366020526 0.12790697674418605 0.11516533637400228
18 0.4645348837209302 0.27708095781071834 0.11627906976744186 0.12200684150513112
18 0.4883720930232558 0.6727480045610034 0.12325581395348838 0.11288483466362599
18 0.3616279069767442 0.5193842645381984 0.12325581395348838 0.11858608893956671
18 0.29127906976744183 0.4429874572405929 0.11627906976744186 0.10946408209806158
18 0.25465116279069766 0.8591790193842646 0.1186046511627907 0.11402508551881414
18 0.19127906976744186 0.7822120866590649 0.12093023255813953 0.11516533637400228
18 0.12441860465116279 0.7029646522234891 0.12558139534883722 0.12314709236031927
18 0.056976744186046514 0.6328392246294184 0.11395348837209303 0.11402508551881414