12 0.298125 0.269375 0.13625 0.08
12 0.27875 0.336875 0.13375 0.08125
12 0.26375 0.424375 0.1375 0.08125
12 0.24875 0.50125 0.145 0.12375
0 0.57125 0.460625 0.1325 0.10625
0 0.546875 0.544375 0.135 0.10625
0 0.516875 0.62625 0.13 0.10375
0 0.499375 0.708125 0.12875 0.10125
0 0.480625 0.7925 0.1375 0.1075
0 0.45875 0.878125 0.1375 0.10375
0 0.440625 0.95375 0.14125 0.0925
0 0.213125 0.636875 0.14125 0.11
0 0.195625 0.72875 0.14125 0.115
0 0.17625 0.8175 0.14125 0.11125
0 0.155 0.900625 0.14875 0.11125