4 0.9225 0.21 0.13375 0.17625
4 0.78875 0.2125 0.12375 0.19625
4 0.63375 0.219375 0.13625 0.20375
4 0.501875 0.22625 0.12875 0.19625
4 0.3575 0.226875 0.14 0.20375
4 0.204375 0.236875 0.13875 0.20125
4 0.0625 0.23 0.125 0.2025
4 0.946875 0.57125 0.10625 0.2
4 0.870625 0.665625 0.12 0.18875
4 0.795 0.60125 0.15125 0.1825
4 0.649375 0.606875 0.12875 0.205
4 0.57125 0.670625 0.125 0.22
4 0.491875 0.615 0.12125 0.2125
4 0.415625 0.69375 0.12125 0.19
4 0.32375 0.629375 0.1275 0.1675
4 0.17 0.635 0.14 0.20375
4 0.085 0.693125 0.13625 0.195