4 0.628125 0.055 0.21125 0.11
4 0.52875 0.101875 0.2175 0.20375
4 0.416875 0.200625 0.23 0.23375
4 0.32125 0.291875 0.22125 0.22375
4 0.213125 0.3875 0.23375 0.23625
4 0.11 0.495625 0.22 0.23375
4 0.05125 0.5875 0.1025 0.2325
4 0.88625 0.258125 0.21125 0.215
4 0.888125 0.3825 0.20875 0.2125
4 0.78875 0.3825 0.2275 0.22875
4 0.6825 0.4825 0.22625 0.23
4 0.665625 0.5825 0.23375 0.23875
4 0.569375 0.591875 0.225 0.23
4 0.563125 0.701875 0.21125 0.215
4 0.451875 0.713125 0.2 0.2025
4 0.339375 0.818125 0.23375 0.23625
4 0.31375 0.901875 0.225 0.19625