4 0.951875 0.336875 0.09625 0.19875
4 0.856875 0.303125 0.16 0.215
4 0.70625 0.2675 0.17375 0.22375
4 0.576875 0.236875 0.165 0.21625
4 0.438125 0.198125 0.1775 0.225
4 0.288125 0.165625 0.17625 0.2225
4 0.148125 0.11875 0.17375 0.2225
4 0.913125 0.6925 0.14875 0.21625
4 0.81 0.761875 0.155 0.2075
4 0.755625 0.678125 0.18375 0.2075
4 0.614375 0.64375 0.16625 0.225
4 0.52125 0.68375 0.16625 0.23875
4 0.460625 0.608125 0.16125 0.23
4 0.365625 0.663125 0.15625 0.20875
4 0.295 0.575625 0.1575 0.18875
4 0.145625 0.53875 0.1775 0.225
4 0.066875 0.570625 0.13375 0.21625