15 0.925 0.1725 0.09125 0.1125
15 0.8475 0.15625 0.09 0.10625
15 0.76 0.143125 0.09625 0.11625
15 0.524375 0.109375 0.09125 0.115
15 0.441875 0.091875 0.09 0.1125
15 0.360625 0.0775 0.08875 0.10875
15 0.2775 0.0675 0.095 0.115
15 0.3925 0.4025 0.09 0.11875
15 0.31375 0.386875 0.095 0.12
15 0.23125 0.37625 0.09375 0.11125
4 0.800625 0.9425 0.12125 0.115
4 0.696875 0.93375 0.12125 0.1325
4 0.594375 0.92625 0.12375 0.1475
4 0.49375 0.919375 0.11375 0.1475
4 0.389375 0.905 0.115 0.15
4 0.108125 0.866875 0.1175 0.1475