15 0.053125 0.203125 0.0975 0.11625
15 0.129375 0.18125 0.09625 0.11125
15 0.21625 0.1625 0.1025 0.12
15 0.448125 0.111875 0.0975 0.11875
15 0.529375 0.08875 0.09625 0.11625
15 0.61 0.06875 0.095 0.1125
15 0.691875 0.05625 0.10125 0.1125
15 0.600625 0.395 0.0975 0.1225
15 0.678125 0.374375 0.1025 0.125
15 0.759375 0.358125 0.09875 0.11625
4 0.23125 0.95125 0.13 0.0975
4 0.33375 0.93875 0.13 0.1225
4 0.435 0.9275 0.1325 0.145
4 0.535625 0.9175 0.12125 0.1525
4 0.63875 0.89625 0.12375 0.155
4 0.916875 0.83875 0.125 0.1525