15 0.559375 0.015625 0.12625 0.03125
15 0.49375 0.036875 0.1225 0.07375
15 0.42375 0.06625 0.1325 0.1325
15 0.23625 0.21125 0.1275 0.1325
15 0.165625 0.258125 0.125 0.13
15 0.09875 0.306875 0.12375 0.12625
15 0.05 0.36 0.1 0.135
15 0.355 0.509375 0.13 0.13375
15 0.289375 0.555625 0.13375 0.13875
15 0.224375 0.6075 0.1275 0.13125
4 0.978125 0.60375 0.04375 0.175
4 0.935625 0.665625 0.12875 0.17375
4 0.87625 0.73125 0.175 0.18
4 0.7975 0.795625 0.16125 0.1675
4 0.714375 0.86125 0.16375 0.17
4 0.49125 0.975625 0.165 0.04875