4 0.893125 0.540625 0.21375 0.28125
4 0.77375 0.428125 0.265 0.275
4 0.630625 0.31375 0.275 0.2875
4 0.49125 0.198125 0.27125 0.28375
4 0.470625 0.108125 0.26125 0.21625
4 0.351875 0.1025 0.25625 0.205
4 0.659375 0.918125 0.25625 0.16375
4 0.523125 0.920625 0.25875 0.15875
4 0.50625 0.849375 0.255 0.26375
4 0.36125 0.838125 0.26375 0.275
4 0.3475 0.71625 0.26875 0.27625
4 0.211875 0.730625 0.265 0.275
4 0.19125 0.593125 0.27875 0.28875
4 0.096875 0.583125 0.19375 0.27875
4 0.085 0.45625 0.17 0.2675