7 0.708125 0.055 0.14625 0.11
7 0.736875 0.138125 0.15125 0.1275
7 0.7575 0.24625 0.15 0.12375
7 0.7825 0.34 0.15 0.1125
7 0.810625 0.444375 0.155 0.13125
7 0.834375 0.540625 0.15375 0.11875
7 0.855625 0.646875 0.15125 0.12875
7 0.884375 0.75375 0.16 0.125
7 0.363125 0.13 0.14125 0.11875
7 0.385625 0.228125 0.15125 0.12125
7 0.41 0.325625 0.14 0.12
7 0.433125 0.426875 0.14875 0.1225
7 0.453125 0.52875 0.145 0.11875
7 0.475 0.629375 0.14125 0.1175
7 0.49875 0.7325 0.14375 0.12375
7 0.52375 0.835625 0.15125 0.12625