7 0.79125 0.09375 0.1325 0.10875
7 0.801875 0.19 0.1375 0.10625
7 0.80125 0.3 0.1375 0.1025
7 0.808125 0.396875 0.14 0.09
7 0.815625 0.504375 0.14 0.11
7 0.82 0.60375 0.1425 0.09625
7 0.82125 0.7125 0.1375 0.1075
7 0.82875 0.8225 0.14875 0.1025
7 0.43625 0.110625 0.12875 0.09875
7 0.439375 0.21125 0.14 0.1
7 0.444375 0.311875 0.1275 0.1
7 0.448125 0.415625 0.13625 0.10125
7 0.448125 0.519375 0.13375 0.09875
7 0.450625 0.6225 0.13 0.0975
7 0.455 0.728125 0.13 0.10375
7 0.45875 0.834375 0.1375 0.105