11 0.2084826762246117 0.1707726763717805 0.13859020310633213 0.13213885778275475
11 0.36081242532855434 0.1506159014557671 0.13739545997610514 0.12430011198208286
11 0.5113500597371565 0.1360582306830907 0.14217443249701314 0.13213885778275475
11 0.39904420549581837 0.41041433370660696 0.14336917562724014 0.12430011198208286
11 0.5495818399044206 0.38633818589025753 0.13142174432497014 0.1265397536394177
11 0.7001194743130227 0.36058230683090703 0.13739545997610514 0.135498320268757
11 0.27718040621266427 0.683090705487122 0.14097968936678615 0.14109742441209405
11 0.4295101553166069 0.6612541993281075 0.14934289127837516 0.1366181410974244
11 0.5830346475507766 0.6433370660694289 0.14814814814814814 0.13325867861142218
11 0.7353643966547192 0.6248600223964166 0.14456391875746716 0.1343784994400896
11 0.46535244922341695 0.9322508398656215 0.14695340501792115 0.135498320268757
11 0.6278375149342891 0.9081746920492721 0.14097968936678615 0.13997760358342665
11 0.7777777777777778 0.8885778275475924 0.14456391875746716 0.13773796192609183