11 0.46236559139784944 0.0761478163493841 0.16965352449223417 0.1522956326987682
11 0.5997610513739546 0.13885778275475924 0.16487455197132617 0.1522956326987682
11 0.7317801672640383 0.20772676371780516 0.17204301075268819 0.1612541993281075
11 0.47192353643966545 0.3723404255319149 0.16965352449223417 0.15453527435610304
11 0.6099163679808841 0.4339305711086226 0.16009557945041816 0.1522956326987682
11 0.7491039426523297 0.49384098544232924 0.16845878136200718 0.1612541993281075
11 0.2054958183990442 0.5302351623740201 0.17443249701314217 0.167973124300112
11 0.34348864994026285 0.5946248600223965 0.18040621266427717 0.16685330347144456
11 0.48028673835125446 0.6623740201567749 0.17801672640382318 0.16349384098544234
11 0.6164874551971327 0.7284434490481523 0.17562724014336917 0.16461366181410975
11 0.2060931899641577 0.8381858902575587 0.17921146953405018 0.1690929451287794
11 0.3548387096774194 0.9031354983202687 0.17443249701314217 0.16685330347144456
11 0.489247311827957 0.9423292273236282 0.17562724014336917 0.11534154535274356