11 0.9020310633213859 0.2973124300111982 0.16965352449223417 0.1601343784994401
11 0.7688172043010753 0.22452407614781636 0.16606929510155316 0.1534154535274356
11 0.6350059737156512 0.15845464725643896 0.17323775388291518 0.1623740201567749
11 0.6290322580645161 0.45240761478163494 0.17084826762246116 0.15565509518477044
11 0.4994026284348865 0.37737961926091823 0.16129032258064516 0.1534154535274356
11 0.3697729988052569 0.30067189249720044 0.16965352449223417 0.1623740201567749
11 0.6332138590203107 0.748040313549832 0.17562724014336917 0.1690929451287794
11 0.5005973715651135 0.6746920492721165 0.1816009557945042 0.167973124300112
11 0.3655913978494624 0.6035834266517357 0.17801672640382318 0.16461366181410975
11 0.23178016726403824 0.5330347144456887 0.1768219832735962 0.16461366181410975
11 0.3578255675029869 0.9148936170212766 0.18040621266427717 0.1702127659574468
11 0.21804062126642773 0.8337066069428891 0.17562724014336917 0.167973124300112
11 0.08781362007168458 0.7631578947368421 0.17562724014336917 0.16685330347144456