11 0.681875 0.03625 0.15125 0.0725
11 0.645 0.0875 0.15875 0.1675
11 0.75125 0.10375 0.1475 0.15625
11 0.7175 0.201875 0.15125 0.165
11 0.819375 0.2125 0.155 0.1675
11 0.78 0.318125 0.15875 0.17125
11 0.885625 0.335 0.16375 0.17125
11 0.8525 0.440625 0.16875 0.17875
11 0.941875 0.454375 0.11625 0.16875
11 0.921875 0.555625 0.15625 0.17125
11 0.97625 0.5725 0.0475 0.18
11 0.955 0.678125 0.09 0.18375
11 0.336875 0.26 0.165 0.17875
11 0.29875 0.35625 0.16625 0.1725
11 0.40625 0.37875 0.16 0.16625
11 0.36375 0.473125 0.15625 0.165
11 0.473125 0.49375 0.15 0.165
11 0.4275 0.5925 0.1675 0.17125
11 0.54125 0.615 0.16375 0.1725
11 0.4975 0.7175 0.16625 0.17875
11 0.6075 0.74 0.16 0.17625
11 0.5675 0.83625 0.16625 0.17375
11 0.67875 0.86125 0.16 0.17125
11 0.068125 0.423125 0.13625 0.17375
11 0.050625 0.525 0.10125 0.175
11 0.120625 0.543125 0.165 0.17625
11 0.085625 0.6425 0.16375 0.17125
11 0.1875 0.660625 0.15375 0.1675
11 0.15125 0.76375 0.1575 0.17
11 0.246875 0.781875 0.1625 0.17
11 0.211875 0.884375 0.1525 0.1675
11 0.316875 0.905 0.155 0.175
11 0.276875 0.963125 0.15625 0.07375
11 0.381875 0.96875 0.16375 0.0625