11 0.823125 0.07 0.12375 0.14
11 0.759375 0.1475 0.1325 0.15125
11 0.85625 0.194375 0.1225 0.14125
11 0.795 0.278125 0.125 0.15
11 0.889375 0.31875 0.1275 0.1525
11 0.820625 0.4075 0.13125 0.15375
11 0.9175 0.455 0.1375 0.1525
11 0.855 0.54625 0.14125 0.16125
11 0.945625 0.591875 0.10875 0.15375
11 0.88875 0.678125 0.13375 0.15375
11 0.96125 0.725 0.0775 0.165
11 0.9225 0.815625 0.1425 0.16625
11 0.414375 0.223125 0.135 0.1625
11 0.35 0.30375 0.14 0.1525
11 0.44625 0.35625 0.13625 0.14625
11 0.3775 0.434375 0.13 0.1475
11 0.47625 0.48625 0.1225 0.15
11 0.40375 0.566875 0.1425 0.15
11 0.505625 0.621875 0.13875 0.15375
11 0.43375 0.706875 0.13625 0.1625
11 0.5325 0.76125 0.13 0.1625
11 0.46625 0.84125 0.14 0.155
11 0.565 0.898125 0.1325 0.155
11 0.095625 0.295625 0.14 0.155
11 0.05125 0.383125 0.1025 0.15625
11 0.125 0.43 0.1375 0.15875
11 0.065625 0.515 0.13125 0.1525
11 0.154375 0.561875 0.12625 0.1525
11 0.089375 0.650625 0.13 0.15375
11 0.175625 0.695625 0.1375 0.15125
11 0.111875 0.78375 0.12375 0.1525
11 0.20625 0.833125 0.125 0.16125
11 0.138125 0.921875 0.13 0.15
11 0.2325 0.944375 0.135 0.11125