11 0.946875 0.200625 0.10625 0.15125
11 0.864375 0.2575 0.12875 0.1475
11 0.939375 0.335 0.11875 0.1375
11 0.853125 0.3925 0.12125 0.14625
11 0.928125 0.4625 0.12375 0.15
11 0.833125 0.523125 0.1275 0.15125
11 0.9075 0.600625 0.13375 0.15
11 0.8175 0.665 0.1375 0.1575
11 0.895625 0.741875 0.1225 0.15
11 0.804375 0.8 0.13 0.15
11 0.8825 0.879375 0.1275 0.1625
11 0.78875 0.93 0.1375 0.14
11 0.514375 0.210625 0.13125 0.15875
11 0.42625 0.264375 0.13625 0.14875
11 0.498125 0.346875 0.1325 0.14375
11 0.4075 0.396875 0.12625 0.145
11 0.4825 0.47875 0.11875 0.1475
11 0.38625 0.53 0.13875 0.1475
11 0.46375 0.61625 0.135 0.15
11 0.366875 0.671875 0.1325 0.16
11 0.44125 0.75625 0.125 0.16
11 0.351875 0.809375 0.13625 0.15125
11 0.425 0.89625 0.12875 0.15125
11 0.19 0.17 0.13625 0.15125
11 0.1 0.23125 0.13625 0.1525
11 0.17125 0.30625 0.1325 0.15625
11 0.08375 0.364375 0.13375 0.14875
11 0.15375 0.44 0.1225 0.14875
11 0.0625 0.500625 0.125 0.15125
11 0.128125 0.5725 0.1325 0.14875
11 0.04875 0.63375 0.0975 0.15
11 0.11 0.713125 0.12 0.15875
11 0.039375 0.7725 0.07875 0.1475
11 0.08875 0.85 0.13125 0.1575