7 0.935 0.43 0.13 0.1575
7 0.88875 0.37625 0.1525 0.1575
7 0.840625 0.43 0.16125 0.16375
7 0.7275 0.423125 0.15125 0.16125
7 0.66625 0.368125 0.15625 0.165
7 0.623125 0.4225 0.14125 0.15
7 0.551875 0.363125 0.1425 0.15
7 0.505 0.416875 0.1525 0.15875
7 0.438125 0.356875 0.15625 0.165
7 0.384375 0.4125 0.14875 0.1575
7 0.316875 0.3625 0.14875 0.1575
7 0.27 0.405625 0.15375 0.1625
7 0.19625 0.3525 0.15875 0.1675
7 0.14375 0.40625 0.16375 0.17
7 0.07875 0.345 0.1575 0.17
7 0.89875 0.705625 0.16625 0.17125
7 0.78375 0.705 0.14875 0.1525
7 0.67375 0.70625 0.165 0.17
7 0.5525 0.7 0.16625 0.1725
7 0.43 0.700625 0.17625 0.18125
7 0.31375 0.693125 0.17 0.17375
7 0.1825 0.70125 0.17125 0.18
7 0.124375 0.7625 0.1725 0.17
7 0.068125 0.693125 0.13625 0.17375