7 0.28625 0.100625 0.135 0.14375
7 0.365 0.115 0.13 0.14625
7 0.35125 0.185625 0.14 0.15
7 0.424375 0.2725 0.125 0.15375
7 0.505625 0.288125 0.13 0.1575
7 0.4875 0.355 0.11875 0.1425
7 0.578125 0.37625 0.12 0.1425
7 0.56375 0.44625 0.13 0.1475
7 0.651875 0.463125 0.13125 0.15625
7 0.639375 0.54 0.12375 0.15125
7 0.72 0.563125 0.12375 0.15125
7 0.714375 0.626875 0.12625 0.15625
7 0.800625 0.65375 0.13125 0.16
7 0.78875 0.728125 0.14 0.1575
7 0.8775 0.74375 0.13 0.16375
7 0.095625 0.305 0.14375 0.1575
7 0.165625 0.396875 0.13 0.14
7 0.230625 0.485 0.1425 0.1575
7 0.30875 0.57875 0.14 0.1625
7 0.381875 0.67625 0.1525 0.1675
7 0.458125 0.765 0.14625 0.16125
7 0.530625 0.874375 0.14375 0.17
7 0.51625 0.94125 0.155 0.1175
7 0.613125 0.945 0.13875 0.11