7 0.65625 0.075625 0.145 0.15125
7 0.58 0.1 0.14125 0.1525
7 0.60375 0.168125 0.15125 0.1575
7 0.543125 0.264375 0.1375 0.15875
7 0.465 0.290625 0.1425 0.1625
7 0.4925 0.354375 0.13 0.1475
7 0.405 0.388125 0.13125 0.1475
7 0.429375 0.455625 0.14125 0.155
7 0.344375 0.485 0.14375 0.1625
7 0.3675 0.55875 0.13625 0.15625
7 0.29125 0.593125 0.13625 0.15625
7 0.305625 0.655625 0.14 0.16125
7 0.22375 0.694375 0.145 0.16625
7 0.245625 0.76625 0.1525 0.165
7 0.16 0.79375 0.14375 0.16875
7 0.873125 0.250625 0.155 0.165
7 0.816875 0.35125 0.14 0.1475
7 0.764375 0.4475 0.15375 0.165
7 0.700625 0.55125 0.15375 0.16875
7 0.64125 0.658125 0.165 0.175
7 0.578125 0.756875 0.15875 0.16875
7 0.521875 0.875 0.1575 0.1775
7 0.5475 0.9375 0.165 0.125
7 0.45375 0.949375 0.1525 0.10125