5 0.581875 0.06 0.20625 0.12
5 0.76625 0.2225 0.20625 0.195
5 0.661875 0.340625 0.225 0.2025
5 0.6975 0.4975 0.23125 0.21
5 0.859375 0.5525 0.21375 0.20875
5 0.74875 0.678125 0.225 0.215
5 0.61875 0.17625 0.215 0.19375
5 0.895 0.73 0.21 0.2075
19 0.151875 0.195 0.1675 0.15875
19 0.173125 0.32 0.155 0.1375
19 0.28875 0.355 0.15625 0.15125
19 0.20125 0.446875 0.17 0.15125
19 0.315 0.48125 0.16 0.145
19 0.235 0.57375 0.17625 0.1625
19 0.349375 0.6125 0.1725 0.16
19 0.2525 0.71125 0.18125 0.1625
19 0.37875 0.7475 0.19125 0.16375
19 0.28125 0.845 0.19 0.1725
19 0.41 0.888125 0.1875 0.17875
19 0.315625 0.949375 0.18375 0.10125