5 0.41 0.06 0.205 0.12
5 0.22875 0.226875 0.20375 0.19375
5 0.335625 0.343125 0.2225 0.19875
5 0.3025 0.50125 0.22875 0.2075
5 0.14125 0.55875 0.21125 0.20625
5 0.254375 0.681875 0.2225 0.2125
5 0.375625 0.17875 0.2125 0.19125
5 0.106875 0.7375 0.21375 0.205
19 0.8425 0.18875 0.16625 0.15625
19 0.82375 0.314375 0.15375 0.13625
19 0.708125 0.35125 0.15375 0.14875
19 0.798125 0.44125 0.16875 0.15
19 0.684375 0.478125 0.15875 0.1425
19 0.76625 0.56875 0.17375 0.16
19 0.6525 0.61 0.17125 0.15875
19 0.75125 0.706875 0.18 0.16
19 0.625625 0.745625 0.19 0.16125
19 0.724375 0.84125 0.1875 0.17
19 0.596875 0.88625 0.185 0.17625
19 0.6925 0.94875 0.1825 0.1025