5 0.6525 0.063125 0.19 0.12625
5 0.80625 0.2675 0.185 0.17125
5 0.684375 0.3675 0.20375 0.175
5 0.695625 0.52875 0.20875 0.1825
5 0.846875 0.608125 0.19 0.18375
5 0.7175 0.714375 0.20125 0.18875
5 0.6675 0.19875 0.19375 0.16875
5 0.8575 0.790625 0.195 0.1825
19 0.204375 0.144375 0.15 0.13875
19 0.205 0.27125 0.14125 0.12
19 0.314375 0.32375 0.13875 0.1325
19 0.213125 0.400625 0.15375 0.13125
19 0.320625 0.4525 0.145 0.12625
19 0.226875 0.53125 0.1575 0.14125
19 0.33375 0.5875 0.155 0.14
19 0.2225 0.67 0.16375 0.14
19 0.341875 0.725625 0.17375 0.14
19 0.23 0.80625 0.17125 0.15
19 0.350625 0.86875 0.1675 0.1575
19 0.2425 0.9375 0.1675 0.125