7 0.101875 0.235 0.1375 0.17125
7 0.243125 0.25625 0.14625 0.17
7 0.376875 0.2775 0.13875 0.16875
7 0.441875 0.329375 0.1325 0.165
7 0.51625 0.299375 0.13 0.17
7 0.585625 0.36125 0.13375 0.16375
7 0.654375 0.323125 0.11625 0.16625
7 0.725 0.38 0.1375 0.18625
7 0.7975 0.34625 0.1325 0.17625
7 0.870625 0.404375 0.1375 0.1675
7 0.93375 0.375625 0.1325 0.16375
7 0.173125 0.651875 0.17 0.19
7 0.47375 0.69625 0.1525 0.1875
7 0.62 0.7275 0.16125 0.2025
7 0.759375 0.746875 0.15125 0.195
7 0.838125 0.809375 0.13875 0.18875
7 0.908125 0.773125 0.135 0.17875