7 0.898125 0.235 0.1375 0.17125
7 0.756875 0.25625 0.14625 0.17
7 0.623125 0.2775 0.13875 0.16875
7 0.558125 0.329375 0.1325 0.165
7 0.48375 0.299375 0.13 0.17
7 0.414375 0.36125 0.13375 0.16375
7 0.345625 0.323125 0.11625 0.16625
7 0.275 0.38 0.1375 0.18625
7 0.2025 0.34625 0.1325 0.17625
7 0.129375 0.404375 0.1375 0.1675
7 0.065625 0.375625 0.13125 0.16375
7 0.826875 0.651875 0.17 0.19
7 0.52625 0.69625 0.1525 0.1875
7 0.38 0.7275 0.16125 0.2025
7 0.240625 0.746875 0.15125 0.195
7 0.161875 0.809375 0.13875 0.18875
7 0.091875 0.773125 0.135 0.17875