7 0.946875 0.4525 0.10625 0.1875
7 0.84125 0.405625 0.17125 0.1875
7 0.713125 0.36125 0.16375 0.185
7 0.63125 0.376875 0.1575 0.18
7 0.58 0.315625 0.15625 0.18375
7 0.489375 0.3375 0.1575 0.17875
7 0.446875 0.27125 0.1425 0.1775
7 0.3575 0.28875 0.1675 0.20125
7 0.309375 0.224375 0.16 0.19125
7 0.2175 0.241875 0.1625 0.18375
7 0.171875 0.184375 0.16375 0.18125
7 0.7175 0.7875 0.1975 0.21125
7 0.43125 0.685625 0.18125 0.205
7 0.286875 0.644375 0.19125 0.22
7 0.155 0.59625 0.18125 0.21125
7 0.07 0.61375 0.14 0.2025
7 0.046875 0.549375 0.09375 0.19375