1 0.9586575875486382 0.1506849315068493 0.08268482490272373 0.1444582814445828
1 0.8638132295719845 0.13013698630136986 0.10603112840466926 0.1444582814445828
1 0.6459143968871596 0.08281444582814446 0.10894941634241245 0.1432129514321295
1 0.5384241245136187 0.06413449564134496 0.10408560311284047 0.12826899128268993
1 0.9367704280155642 0.7496886674968867 0.10116731517509728 0.14570361145703611
1 0.7149805447470817 0.7042341220423413 0.10992217898832685 0.15566625155666253
1 0.6050583657587548 0.6787048567870486 0.11089494163424124 0.1519302615193026
1 0.49270428015564205 0.6544209215442092 0.10894941634241245 0.14819427148194272
1 0.3788910505836576 0.6276463262764632 0.11186770428015565 0.15566625155666253
1 0.2723735408560311 0.6014943960149439 0.11089494163424124 0.1569115815691158
1 0.051070038910505836 0.5566625155666252 0.10214007782101167 0.1519302615193026