1 0.016050583657587547 0.35367372353673726 0.032101167315175094 0.16936488169364883
1 0.0646887159533074 0.2920298879202989 0.1293774319066148 0.1706102117061021
1 0.2607003891050584 0.16064757160647572 0.13229571984435798 0.1706102117061021
1 0.35749027237354086 0.099626400996264 0.1245136186770428 0.1581569115815691
1 0.14494163424124515 0.9103362391033624 0.1254863813229572 0.16936488169364883
1 0.3448443579766537 0.7795765877957659 0.13618677042801555 0.18306351183063513
1 0.44309338521400776 0.711706102117061 0.13618677042801555 0.1793275217932752
1 0.544260700389105 0.6438356164383562 0.13326848249027237 0.17559153175591533
1 0.6459143968871596 0.5734744707347447 0.13813229571984437 0.18306351183063513
1 0.7407587548638133 0.5068493150684932 0.13618677042801555 0.18306351183063513
1 0.9382295719844358 0.3742216687422167 0.12354085603112841 0.18057285180572852