1 0.018968871595330738 0.3181818181818182 0.037937743190661476 0.1656288916562889
1 0.07392996108949416 0.263387297633873 0.1254863813229572 0.16687422166874222
1 0.27480544747081714 0.14508094645080946 0.1293774319066148 0.16811955168119552
1 0.3740272373540856 0.09090909090909091 0.122568093385214 0.15442092154420922
1 0.12840466926070038 0.886052303860523 0.122568093385214 0.16687422166874222
1 0.3336575875486381 0.7683686176836861 0.13229571984435798 0.1793275217932752
1 0.4348249027237354 0.7073474470734745 0.13229571984435798 0.17559153175591533
1 0.5384241245136187 0.6463262764632628 0.1293774319066148 0.1718555417185554
1 0.6425097276264592 0.5834371108343711 0.13424124513618677 0.18057285180572852
1 0.7402723735408561 0.5224159402241594 0.13326848249027237 0.18057285180572852
1 0.9416342412451362 0.40473225404732255 0.11673151750972763 0.17683686176836863