7 0.55875 0.130625 0.1125 0.095
7 0.56 0.2225 0.1175 0.09125
7 0.560625 0.31125 0.1125 0.09
7 0.559375 0.405 0.11875 0.095
7 0.563125 0.495 0.11375 0.0925
7 0.563125 0.586875 0.11875 0.0975
7 0.560625 0.6775 0.12 0.095
7 0.565625 0.77 0.115 0.0975
7 0.306875 0.5825 0.12 0.095
7 0.304375 0.675 0.125 0.09875
7 0.3025 0.4025 0.12 0.09375
7 0.30125 0.309375 0.12 0.0925
7 0.87375 0.12625 0.10875 0.09
7 0.8725 0.21875 0.12 0.0925
7 0.87375 0.40125 0.11625 0.09
7 0.875625 0.49 0.12 0.095
7 0.878125 0.675 0.1175 0.09375
7 0.875 0.766875 0.12125 0.095