7 0.621875 0.14625 0.11 0.0925
7 0.6075 0.236875 0.115 0.0875
7 0.5925 0.325 0.11 0.0875
7 0.575 0.416875 0.115 0.09125
7 0.563125 0.50625 0.11125 0.08875
7 0.546875 0.596875 0.11625 0.09375
7 0.52875 0.685625 0.11625 0.09125
7 0.5175 0.7775 0.1125 0.09375
7 0.295625 0.5475 0.11625 0.09125
7 0.276875 0.63875 0.1225 0.095
7 0.3225 0.37 0.1175 0.09
7 0.3375 0.2775 0.1175 0.08875
7 0.933125 0.196875 0.10625 0.08625
7 0.915625 0.288125 0.1175 0.08875
7 0.885 0.4675 0.11375 0.08625
7 0.87125 0.555625 0.11625 0.09125
7 0.841875 0.738125 0.115 0.09
7 0.823125 0.8275 0.1175 0.09125