7 0.698125 0.183125 0.12375 0.11125
7 0.66375 0.2675 0.12875 0.10875
7 0.629375 0.35 0.12375 0.1075
7 0.59125 0.435625 0.13 0.1125
7 0.56 0.52 0.125 0.10875
7 0.524375 0.605 0.13 0.115
7 0.48625 0.6875 0.13125 0.1125
7 0.454375 0.774375 0.12625 0.11375
7 0.29 0.500625 0.13125 0.1125
7 0.25125 0.585 0.13625 0.1175
7 0.35625 0.333125 0.13125 0.11125
7 0.391875 0.246875 0.13125 0.11
7 0.965 0.301875 0.07 0.10625
7 0.94375 0.38625 0.1125 0.11
7 0.8825 0.555 0.1275 0.1075
7 0.849375 0.6375 0.13125 0.1125
7 0.779375 0.80875 0.12875 0.11125
7 0.740625 0.891875 0.1325 0.1125