19 0.09375 0.22625 0.1875 0.2075
19 0.129375 0.38125 0.24 0.22625
19 0.169375 0.546875 0.24375 0.225
19 0.223125 0.70125 0.23875 0.2075
19 0.3575 0.57 0.23625 0.22375
19 0.41375 0.7425 0.24 0.22
19 0.47125 0.901875 0.235 0.19625
19 0.575625 0.073125 0.22125 0.14625
19 0.76625 0.07125 0.2125 0.1425
19 0.635 0.185 0.23 0.20875
19 0.82375 0.1975 0.22 0.2125
19 0.693125 0.34875 0.22625 0.2125
19 0.746875 0.506875 0.23375 0.21
19 0.91625 0.524375 0.1675 0.20375
19 0.804375 0.674375 0.23625 0.21375
19 0.940625 0.69 0.11875 0.215
19 0.8575 0.831875 0.24875 0.22
19 0.25375 0.24625 0.22375 0.20125