19 0.915 0.265 0.17 0.22
19 0.8775 0.414375 0.245 0.23875
19 0.825 0.575625 0.25375 0.2375
19 0.758125 0.724375 0.24625 0.22
19 0.635625 0.581875 0.245 0.235
19 0.565 0.749375 0.25 0.2325
19 0.49125 0.899375 0.245 0.20125
19 0.464375 0.073125 0.22875 0.14625
19 0.273125 0.063125 0.22125 0.12625
19 0.393125 0.174375 0.2375 0.22
19 0.20375 0.170625 0.23 0.22375
19 0.320625 0.3325 0.235 0.22375
19 0.253125 0.485625 0.2425 0.22125
19 0.085625 0.486875 0.17125 0.21375
19 0.181875 0.6475 0.245 0.22625
19 0.054375 0.648125 0.10875 0.22375
19 0.121875 0.799375 0.24375 0.23375
19 0.7675 0.26875 0.2325 0.2125