19 0.214375 0.088125 0.21375 0.17625
19 0.205 0.245625 0.22375 0.2075
19 0.1775 0.414375 0.2275 0.20375
19 0.166875 0.576875 0.22375 0.18625
19 0.341875 0.50875 0.21875 0.20375
19 0.325625 0.689375 0.225 0.2
19 0.31 0.874375 0.21625 0.2125
19 0.746875 0.11125 0.20625 0.18375
19 0.9125 0.18375 0.175 0.1825
19 0.7475 0.2625 0.215 0.18875
19 0.906875 0.3475 0.18625 0.195
19 0.736875 0.43625 0.21 0.195
19 0.725 0.603125 0.22 0.19
19 0.89125 0.693125 0.19 0.1875
19 0.711875 0.78 0.22125 0.19375
19 0.870625 0.864375 0.18625 0.2
19 0.69875 0.9225 0.2325 0.155
19 0.371875 0.17 0.21 0.1825