11 0.9031746031746032 0.7912979351032449 0.12063492063492064 0.16519174041297935
11 0.8185185185185185 0.7234513274336283 0.12063492063492064 0.16519174041297935
11 0.7238095238095238 0.6511799410029498 0.1259259259259259 0.1696165191740413
11 0.6253968253968254 0.5833333333333334 0.11957671957671957 0.15486725663716813
11 0.5354497354497354 0.5140117994100295 0.12380952380952381 0.1592920353982301
11 0.28253968253968254 0.32669616519174044 0.12380952380952381 0.1592920353982301
11 0.18518518518518517 0.2640117994100295 0.12380952380952381 0.1592920353982301
11 0.10423280423280423 0.17920353982300885 0.11216931216931217 0.15486725663716813
11 0.6402116402116402 0.9550147492625368 0.12698412698412698 0.08997050147492626
11 0.5095238095238095 0.8974926253687315 0.12380952380952381 0.16519174041297935
11 0.4052910052910053 0.8207964601769911 0.11322751322751323 0.15191740412979352