11 0.9195767195767196 0.7411504424778761 0.11746031746031746 0.1607669616519174
11 0.8312169312169312 0.6843657817109144 0.11746031746031746 0.1607669616519174
11 0.7322751322751323 0.6231563421828908 0.12380952380952381 0.16519174041297935
11 0.6301587301587301 0.5678466076696165 0.11746031746031746 0.14896755162241887
11 0.535978835978836 0.5095870206489675 0.12169312169312169 0.15339233038348082
11 0.2724867724867725 0.35398230088495575 0.12169312169312169 0.15339233038348082
11 0.17142857142857143 0.3030973451327434 0.12169312169312169 0.15339233038348082
11 0.08571428571428572 0.22861356932153393 0.10899470899470899 0.15191740412979352
11 0.6708994708994709 0.9469026548672567 0.12486772486772486 0.10619469026548672
11 0.5343915343915344 0.8952802359882006 0.12275132275132275 0.1592920353982301
11 0.42592592592592593 0.8311209439528023 0.1111111111111111 0.14749262536873156
11 0.7671957671957672 0.9778761061946902 0.11428571428571428 0.04424778761061947