11 0.12116402116402117 0.8480825958702065 0.12275132275132275 0.1696165191740413
11 0.2 0.7684365781710915 0.12275132275132275 0.1696165191740413
11 0.28888888888888886 0.6828908554572272 0.12804232804232804 0.17551622418879056
11 0.382010582010582 0.6010324483775811 0.11957671957671957 0.1607669616519174
11 0.46613756613756613 0.5191740412979351 0.12380952380952381 0.16519174041297935
11 0.7031746031746032 0.29572271386430676 0.12380952380952381 0.16519174041297935
11 0.7952380952380952 0.21902654867256638 0.12380952380952381 0.16519174041297935
11 0.8693121693121693 0.12315634218289086 0.11428571428571428 0.1592920353982301
11 0.3962962962962963 0.9623893805309734 0.12804232804232804 0.0752212389380531
11 0.5206349206349207 0.8967551622418879 0.1259259259259259 0.1696165191740413
11 0.617989417989418 0.8053097345132744 0.11428571428571428 0.15634218289085547