19 0.8 0.121875 0.2075 0.21375
19 0.628125 0.13875 0.185 0.1975
19 0.465 0.15875 0.18375 0.21
19 0.290625 0.178125 0.19375 0.2075
19 0.126875 0.19 0.185 0.2175
19 0.894375 0.248125 0.18 0.21875
19 0.734375 0.266875 0.1875 0.21375
19 0.558125 0.28875 0.195 0.21
19 0.39 0.304375 0.18875 0.20875
19 0.218125 0.323125 0.19125 0.21375
19 0.075 0.338125 0.15 0.20875
19 0.85875 0.64 0.19875 0.2225
19 0.685 0.66625 0.19875 0.22
19 0.514375 0.686875 0.185 0.20875
19 0.34 0.69625 0.1825 0.21625
19 0.175 0.714375 0.18375 0.21875
19 0.931875 0.785625 0.13625 0.20375
19 0.79 0.798125 0.195 0.215
19 0.610625 0.815625 0.18375 0.205
19 0.444375 0.826875 0.19 0.21125
19 0.273125 0.848125 0.19 0.21
19 0.11375 0.86625 0.16375 0.20625