19 0.923125 0.43625 0.15375 0.265
19 0.843125 0.32875 0.23875 0.2425
19 0.711875 0.23 0.24375 0.25
19 0.5725 0.125 0.25 0.25
19 0.44625 0.073125 0.25 0.14625
19 0.9175 0.5925 0.165 0.255
19 0.830625 0.495625 0.24875 0.255
19 0.688125 0.388125 0.2525 0.25625
19 0.55625 0.2825 0.2475 0.25125
19 0.42 0.176875 0.2525 0.2575
19 0.295 0.100625 0.2425 0.20125
19 0.660625 0.849375 0.26125 0.2675
19 0.5175 0.748125 0.26125 0.26625
19 0.38 0.644375 0.24375 0.25
19 0.24875 0.530625 0.2475 0.255
19 0.120625 0.4275 0.24125 0.2575
19 0.6275 0.949375 0.24 0.10125
19 0.50125 0.8925 0.255 0.215
19 0.36 0.80375 0.24125 0.24625
19 0.233125 0.69625 0.25 0.255
19 0.109375 0.593125 0.21875 0.25375
19 0.040625 0.494375 0.08125 0.23625