19 0.21375 0.111875 0.2125 0.21875
19 0.384375 0.134375 0.19125 0.2025
19 0.546875 0.16 0.18875 0.21375
19 0.720625 0.185625 0.2 0.2125
19 0.88375 0.203125 0.19125 0.22125
19 0.115 0.234375 0.18625 0.22375
19 0.27375 0.259375 0.19375 0.21875
19 0.449375 0.286875 0.20125 0.215
19 0.616875 0.30875 0.19375 0.21375
19 0.7875 0.333125 0.1975 0.21875
19 0.925625 0.35375 0.14875 0.2125
19 0.136875 0.6275 0.205 0.2275
19 0.309375 0.659375 0.205 0.225
19 0.479375 0.68625 0.19 0.2125
19 0.6525 0.701875 0.18875 0.22125
19 0.8175 0.725625 0.19 0.22375
19 0.064375 0.769375 0.12875 0.20875
19 0.2 0.788125 0.20125 0.22
19 0.37875 0.811875 0.19 0.21
19 0.544375 0.82875 0.195 0.21625
19 0.714375 0.85625 0.195 0.215
19 0.873125 0.879375 0.16875 0.21