15 0.4525 0.079375 0.115 0.10875
15 0.428125 0.159375 0.12 0.1025
15 0.4075 0.239375 0.125 0.11625
15 0.38125 0.316875 0.11875 0.10375
15 0.355 0.3975 0.12 0.1025
15 0.331875 0.47625 0.1225 0.105
15 0.30375 0.553125 0.11875 0.1
15 0.2825 0.636875 0.13625 0.11125
15 0.718125 0.246875 0.1225 0.10625
15 0.69125 0.32375 0.11875 0.10125
15 0.67 0.403125 0.1175 0.095
15 0.644375 0.484375 0.12 0.10125
15 0.61875 0.561875 0.12 0.1
15 0.595625 0.643125 0.11625 0.0975
15 0.5725 0.72 0.12125 0.09875
15 0.548125 0.8 0.12 0.1025