15 0.400625 0.088125 0.125 0.1225
15 0.450625 0.155625 0.125 0.12125
15 0.498125 0.223125 0.135 0.1325
15 0.54875 0.2875 0.125 0.12125
15 0.60125 0.354375 0.125 0.12125
15 0.65 0.42 0.1275 0.12375
15 0.7025 0.483125 0.12375 0.11875
15 0.75125 0.55375 0.14 0.13375
15 0.20875 0.336875 0.12875 0.125
15 0.26 0.4 0.12375 0.11875
15 0.306875 0.4675 0.12 0.115
15 0.35875 0.534375 0.125 0.12
15 0.409375 0.59875 0.12375 0.11875
15 0.459375 0.6675 0.12 0.115
15 0.5075 0.73125 0.125 0.12
15 0.5575 0.79875 0.125 0.12125