15 0.488125 0.076875 0.12125 0.11625
15 0.52375 0.1525 0.12375 0.11125
15 0.555625 0.22875 0.13125 0.125
15 0.591875 0.3025 0.1225 0.1125
15 0.629375 0.37875 0.12375 0.11125
15 0.66375 0.453125 0.12625 0.11375
15 0.701875 0.525625 0.1225 0.11
15 0.734375 0.605 0.14 0.1225
15 0.24875 0.28 0.12625 0.115
15 0.285625 0.3525 0.1225 0.11
15 0.318125 0.428125 0.12 0.105
15 0.355 0.504375 0.12375 0.11
15 0.39125 0.578125 0.1225 0.10875
15 0.425625 0.655 0.11875 0.10625
15 0.45875 0.728125 0.125 0.10875
15 0.494375 0.80375 0.12375 0.11125