7 0.356875 0.030625 0.10125 0.06125
7 0.26125 0.2625 0.105 0.12
7 0.33625 0.289375 0.105 0.11625
7 0.411875 0.315 0.10375 0.115
7 0.48625 0.3425 0.10125 0.115
7 0.56125 0.36875 0.09625 0.11125
7 0.63625 0.39375 0.1025 0.11375
7 0.7125 0.41875 0.10375 0.11875
7 0.19 0.4675 0.105 0.11875
7 0.265 0.493125 0.10125 0.11625
7 0.341875 0.516875 0.0975 0.115
7 0.490625 0.5675 0.1 0.11375
7 0.56625 0.595 0.1 0.11375
7 0.639375 0.621875 0.105 0.1175
7 0.785625 0.448125 0.10625 0.12
7 0.8625 0.469375 0.10125 0.1125
7 0.935 0.5 0.1025 0.11625
7 0.86625 0.701875 0.10375 0.11625
7 0.79 0.67375 0.10625 0.12
7 0.715625 0.648125 0.105 0.12
7 0.55125 0.880625 0.09125 0.11
7 0.698125 0.933125 0.1025 0.11875