7 0.14125 0.13 0.08375 0.10375
7 0.1775 0.4025 0.085 0.10875
7 0.25625 0.390625 0.08625 0.105
7 0.335 0.378125 0.08625 0.10375
7 0.41375 0.3675 0.0825 0.10375
7 0.4925 0.355625 0.07875 0.10125
7 0.570625 0.341875 0.085 0.1025
7 0.649375 0.32875 0.085 0.1075
7 0.210625 0.616875 0.08625 0.1075
7 0.289375 0.60375 0.0825 0.105
7 0.36875 0.589375 0.07875 0.105
7 0.52375 0.56375 0.0825 0.1025
7 0.603125 0.553125 0.0825 0.1025
7 0.68 0.541875 0.08625 0.10625
7 0.728125 0.32 0.0875 0.1075
7 0.805625 0.3025 0.08375 0.10125
7 0.884375 0.29625 0.08375 0.10375
7 0.918125 0.50625 0.085 0.105
7 0.8375 0.516875 0.0875 0.1075
7 0.76 0.53 0.085 0.10875
7 0.72375 0.811875 0.0725 0.1
7 0.878125 0.789375 0.08375 0.10625