7 0.121875 0.14875 0.0875 0.10625
7 0.173125 0.419375 0.09 0.11125
7 0.250625 0.40375 0.09 0.1075
7 0.32875 0.386875 0.09 0.10625
7 0.406875 0.3725 0.0875 0.1075
7 0.485 0.35625 0.0825 0.10375
7 0.5625 0.33875 0.08875 0.105
7 0.640625 0.32125 0.09 0.11
7 0.2175 0.631875 0.09125 0.11
7 0.295 0.615 0.0875 0.10875
7 0.37375 0.595625 0.08375 0.1075
7 0.526875 0.5625 0.08625 0.10625
7 0.605625 0.5475 0.08625 0.10625
7 0.681875 0.5325 0.09125 0.10875
7 0.718125 0.30875 0.0925 0.11
7 0.795 0.286875 0.0875 0.10375
7 0.873125 0.27625 0.0875 0.1075
7 0.918125 0.48375 0.08875 0.1075
7 0.838125 0.499375 0.0925 0.11
7 0.76125 0.51625 0.09 0.11125
7 0.74 0.8 0.07625 0.1025
7 0.8925 0.76875 0.08875 0.11