11 0.586875 0.031875 0.18875 0.06375
11 0.544375 0.08375 0.18375 0.1675
11 0.66125 0.09375 0.18 0.1875
11 0.61875 0.2025 0.185 0.18875
11 0.739375 0.2175 0.18125 0.18875
11 0.699375 0.32625 0.17875 0.19125
11 0.81875 0.350625 0.18375 0.19625
11 0.77125 0.46375 0.19125 0.2025
11 0.9 0.484375 0.19125 0.2025
11 0.859375 0.603125 0.19875 0.20875
11 0.943125 0.625 0.11375 0.2025
11 0.92125 0.74 0.1575 0.21
11 0.1925 0.184375 0.175 0.1875
11 0.145625 0.290625 0.17 0.185
11 0.263125 0.31125 0.1725 0.18375
11 0.216875 0.423125 0.1775 0.19
11 0.330625 0.441875 0.18 0.18875
11 0.290625 0.555625 0.18625 0.19625
11 0.4 0.576875 0.18375 0.19875
11 0.35625 0.693125 0.19 0.20625
11 0.478125 0.71625 0.18125 0.19625
11 0.431875 0.831875 0.19 0.20375
11 0.556875 0.861875 0.1875 0.20875
11 0.50625 0.94 0.185 0.12