11 0.04625 0.32 0.0925 0.1925
11 0.103125 0.33125 0.19125 0.1975
11 0.079375 0.44375 0.15875 0.1925
11 0.181875 0.46 0.19125 0.19375
11 0.13625 0.5725 0.18875 0.19375
11 0.25125 0.59 0.1875 0.195
11 0.215 0.706875 0.1925 0.2
11 0.336875 0.719375 0.2 0.20625
11 0.291875 0.8425 0.19875 0.20625
11 0.415625 0.864375 0.2075 0.2125
11 0.375 0.939375 0.2 0.12125
11 0.49625 0.9475 0.205 0.105
11 0.373125 0.086875 0.18375 0.17375
11 0.488125 0.09125 0.17875 0.1825
11 0.45 0.20125 0.18 0.1875
11 0.57 0.215 0.18625 0.19375
11 0.53125 0.32375 0.1875 0.1925
11 0.65 0.34375 0.195 0.20125
11 0.615625 0.45 0.1925 0.20125
11 0.73875 0.468125 0.2 0.21
11 0.699375 0.585625 0.19 0.19875
11 0.823125 0.601875 0.19875 0.2075
11 0.78875 0.725 0.1975 0.21
11 0.9075 0.73625 0.185 0.195