11 0.894375 0.1375 0.16625 0.16
11 0.799375 0.189375 0.155 0.1725
11 0.878125 0.27875 0.1525 0.1675
11 0.776875 0.33875 0.16 0.16625
11 0.863125 0.425 0.15375 0.16875
11 0.764375 0.485625 0.15 0.1725
11 0.843125 0.57875 0.15375 0.1775
11 0.73625 0.638125 0.16125 0.18125
11 0.825 0.73375 0.16 0.1825
11 0.72 0.8025 0.16875 0.18625
11 0.803125 0.895625 0.16125 0.18125
11 0.699375 0.933125 0.16375 0.13375
11 0.45125 0.073125 0.1475 0.14625
11 0.35 0.116875 0.14 0.16875
11 0.429375 0.205625 0.145 0.16625
11 0.32375 0.265 0.14875 0.17125
11 0.4025 0.35 0.1525 0.16875
11 0.300625 0.415 0.15875 0.17625
11 0.374375 0.499375 0.1525 0.18
11 0.268125 0.56375 0.1575 0.1875
11 0.35 0.656875 0.15 0.1775
11 0.241875 0.72 0.15875 0.18375
11 0.321875 0.82 0.1525 0.19125
11 0.213125 0.87875 0.15875 0.1675