7 0.22875 0.335625 0.15375 0.15375
7 0.290625 0.459375 0.1475 0.1475
7 0.3625 0.57875 0.14625 0.13875
7 0.415 0.6875 0.1575 0.155
7 0.476875 0.804375 0.15 0.15375
7 0.06125 0.47875 0.1225 0.1475
7 0.108125 0.583125 0.15125 0.14875
7 0.175625 0.68625 0.155 0.1475
7 0.25375 0.8075 0.1475 0.145
7 0.315625 0.90125 0.14375 0.1425
6 0.6025 0.046875 0.1325 0.09375
6 0.650625 0.119375 0.13 0.12875
6 0.6725 0.23125 0.13125 0.13
6 0.724375 0.31875 0.135 0.13375
6 0.759375 0.423125 0.13375 0.13
6 0.81875 0.514375 0.13375 0.1325