7 0.47625 0.18375 0.1475 0.1475
7 0.55875 0.294375 0.14125 0.1425
7 0.6325 0.41375 0.14375 0.13
7 0.705625 0.509375 0.15375 0.1475
7 0.78125 0.6175 0.14375 0.14875
7 0.6875 0.08625 0.15 0.13875
7 0.751875 0.18875 0.1475 0.14125
7 0.813125 0.295625 0.15375 0.1375
7 0.885625 0.42 0.14375 0.13875
7 0.935625 0.518125 0.12875 0.13625
6 0.049375 0.376875 0.09875 0.12375
6 0.0925 0.46125 0.12625 0.1225
6 0.181875 0.53125 0.1275 0.125
6 0.236875 0.618125 0.13125 0.1275
6 0.31375 0.69625 0.13 0.12375
6 0.368125 0.79 0.13 0.1275