7 0.57 0.190625 0.1275 0.1275
7 0.61625 0.320625 0.12125 0.12375
7 0.651875 0.45625 0.13125 0.105
7 0.69375 0.569375 0.13625 0.1225
7 0.735 0.694375 0.12125 0.13125
7 0.800625 0.15875 0.135 0.115
7 0.831875 0.275625 0.13 0.12
7 0.859375 0.39625 0.14 0.11
7 0.8925 0.53625 0.12625 0.1175
7 0.916875 0.64625 0.12125 0.11625
6 0.090625 0.246875 0.1125 0.105
6 0.12125 0.34375 0.11 0.10375
6 0.186875 0.436875 0.11125 0.105
6 0.21375 0.535625 0.115 0.1075
6 0.264375 0.63375 0.11625 0.1025
6 0.28875 0.73875 0.11375 0.10875