14 0.6875 0.45 0.16375 0.12125
14 0.81 0.623125 0.15 0.13
14 0.689375 0.5725 0.15375 0.13625
14 0.695625 0.691875 0.1475 0.125
14 0.81 0.7425 0.15125 0.12625
14 0.689375 0.81125 0.165 0.11875
14 0.810625 0.866875 0.15625 0.13
14 0.42125 0.088125 0.1425 0.13375
14 0.31625 0.153125 0.14 0.13
14 0.41625 0.209375 0.155 0.12375
14 0.325625 0.27875 0.14625 0.12875
14 0.4225 0.331875 0.14125 0.12625
14 0.309375 0.4 0.17 0.12875
14 0.431875 0.451875 0.1525 0.11625
14 0.31625 0.518125 0.17 0.1275
14 0.424375 0.576875 0.15125 0.13125
14 0.32625 0.641875 0.1575 0.1325
14 0.42625 0.6975 0.13375 0.125
14 0.328125 0.7625 0.145 0.12625
14 0.43375 0.8175 0.14375 0.1275
14 0.435625 0.9425 0.14875 0.115