14 0.309375 0.46625 0.16875 0.13
14 0.2025 0.65 0.15625 0.1375
14 0.3175 0.58875 0.16 0.14375
14 0.321875 0.708125 0.15375 0.1325
14 0.2125 0.76875 0.1575 0.13375
14 0.33875 0.82625 0.17 0.1275
14 0.2225 0.893125 0.1625 0.1375
14 0.5425 0.083125 0.14875 0.14125
14 0.6525 0.13875 0.14625 0.13625
14 0.558125 0.203125 0.16 0.13125
14 0.654375 0.264375 0.1525 0.13625
14 0.5625 0.325625 0.1475 0.13375
14 0.68125 0.38375 0.17625 0.1375
14 0.56375 0.44625 0.1575 0.12375
14 0.684375 0.501875 0.17625 0.13625
14 0.581875 0.57 0.1575 0.13875
14 0.685625 0.62625 0.16375 0.14
14 0.590625 0.690625 0.14 0.13125
14 0.69375 0.74625 0.15125 0.13375
14 0.59375 0.810625 0.15 0.135
14 0.6025 0.935625 0.15375 0.12375