14 0.66625 0.4 0.18875 0.16125
14 0.831875 0.533125 0.17875 0.165
14 0.701875 0.5175 0.18375 0.1725
14 0.74125 0.63 0.175 0.16
14 0.865 0.648125 0.17875 0.16125
14 0.7675 0.746875 0.19 0.15875
14 0.9 0.7675 0.18375 0.1675
14 0.31125 0.125625 0.1725 0.16625
14 0.228125 0.2175 0.16875 0.1625
14 0.339375 0.24375 0.18125 0.16
14 0.27125 0.335625 0.175 0.1625
14 0.379375 0.36 0.16875 0.15875
14 0.289375 0.456875 0.1975 0.17
14 0.42125 0.4725 0.17625 0.1525
14 0.32875 0.568125 0.19625 0.16875
14 0.44875 0.595 0.18 0.16625
14 0.371875 0.684375 0.18625 0.17
14 0.48375 0.71 0.16125 0.155
14 0.4075 0.799375 0.1725 0.16
14 0.52375 0.82375 0.17125 0.16125
14 0.56 0.93375 0.1725 0.1325