2 0.23517241379310344 0.20956399437412096 0.11172413793103449 0.10970464135021098
2 0.5489655172413793 0.5794655414908579 0.11172413793103449 0.10970464135021098
2 0.5696551724137932 0.6744022503516175 0.11172413793103449 0.10970464135021098
2 0.5848275862068966 0.770042194092827 0.10896551724137932 0.10407876230661041
17 0.3096551724137931 0.26582278481012656 0.10344827586206896 0.10407876230661041
17 0.38482758620689655 0.3227848101265823 0.10344827586206896 0.10407876230661041
5 0.02482758620689655 0.40646976090014064 0.0496551724137931 0.10407876230661041
5 0.08413793103448276 0.4739803094233474 0.10344827586206896 0.10407876230661041
5 0.17310344827586208 0.5323488045007032 0.10344827586206896 0.10407876230661041
5 0.29724137931034483 0.9514767932489452 0.10344827586206896 0.0970464135021097
5 0.36482758620689654 0.9789029535864979 0.10344827586206896 0.04219409282700422