2 0.35379310344827586 0.13291139240506328 0.11586206896551725 0.11673699015471167
2 0.5503448275862068 0.5787623066104078 0.11586206896551725 0.11673699015471167
2 0.6255172413793103 0.6378340365682138 0.11586206896551725 0.11673699015471167
2 0.7041379310344827 0.6926863572433193 0.11310344827586206 0.11251758087201125
17 0.3724137931034483 0.2250351617440225 0.10896551724137932 0.1111111111111111
17 0.3910344827586207 0.31856540084388185 0.10896551724137932 0.1111111111111111
5 0.6296551724137931 0.026019690576652602 0.10896551724137932 0.052039381153305204
5 0.6524137931034483 0.10407876230661041 0.10896551724137932 0.1111111111111111
5 0.666896551724138 0.21167369901547117 0.10896551724137932 0.1111111111111111
5 0.9682758620689655 0.5056258790436006 0.06344827586206897 0.1111111111111111
5 0.9779310344827586 0.590014064697609 0.044137931034482755 0.1111111111111111