2 0.4731034482758621 0.10478199718706048 0.10206896551724139 0.0970464135021097
2 0.4889655172413793 0.5935302390998594 0.10206896551724139 0.0970464135021097
2 0.44620689655172413 0.680028129395218 0.10206896551724139 0.0970464135021097
2 0.3993103448275862 0.7644163150492265 0.1006896551724138 0.09142053445850915
17 0.496551724137931 0.1962025316455696 0.09379310344827586 0.09282700421940929
17 0.52 0.2883263009845288 0.09379310344827586 0.09282700421940929
5 0.16758620689655174 0.10548523206751055 0.09379310344827586 0.09282700421940929
5 0.19310344827586207 0.21237693389592124 0.09379310344827586 0.09282700421940929
5 0.22620689655172413 0.31575246132208157 0.09379310344827586 0.09282700421940929
5 0.06137931034482759 0.7243319268635724 0.09379310344827586 0.09282700421940929
5 0.08 0.8094233473980309 0.09379310344827586 0.09282700421940929