6 0.284375 0.153125 0.1125 0.1175
6 0.209375 0.215 0.11 0.11625
6 0.126875 0.275 0.10875 0.1175
6 0.07625 0.323125 0.105 0.11375
6 0.034375 0.375625 0.06875 0.11875
7 0.56625 0.4425 0.14125 0.1475
7 0.48875 0.501875 0.14 0.14875
7 0.419375 0.559375 0.14 0.1475
7 0.283125 0.67625 0.14125 0.1475
7 0.206875 0.73375 0.1425 0.14875
7 0.94625 0.56125 0.1075 0.14
7 0.895625 0.62125 0.135 0.14125
7 0.830625 0.680625 0.13125 0.1375
7 0.758125 0.733125 0.13625 0.1425
7 0.645 0.82125 0.1275 0.14375
7 0.59375 0.865 0.12375 0.1375
7 0.53875 0.909375 0.12125 0.13625
7 0.48875 0.945 0.1175 0.11
7 0.429375 0.964375 0.12625 0.07125