6 0.401875 0.103125 0.09625 0.105
6 0.31125 0.139375 0.09125 0.10625
6 0.215 0.170625 0.09 0.10875
6 0.151875 0.200625 0.085 0.105
6 0.075625 0.2325 0.09125 0.10875
7 0.580625 0.46625 0.11875 0.13375
7 0.48875 0.498125 0.115 0.13625
7 0.405 0.53125 0.1175 0.13375
7 0.239375 0.600625 0.11875 0.1325
7 0.14875 0.631875 0.12 0.135
7 0.918125 0.700625 0.1125 0.12625
7 0.83875 0.7375 0.11375 0.1275
7 0.75875 0.77375 0.11125 0.125
7 0.67375 0.80125 0.115 0.1275
7 0.53875 0.85 0.10125 0.13625
7 0.47625 0.87625 0.09875 0.12875
7 0.410625 0.901875 0.09625 0.12875
7 0.34875 0.93 0.09375 0.12375
7 0.279375 0.943125 0.10125 0.11375