6 0.7675 0.190625 0.1175 0.11875
6 0.831875 0.264375 0.115 0.1175
6 0.90375 0.33625 0.115 0.1175
6 0.945625 0.390625 0.10875 0.11375
6 0.970625 0.454375 0.05875 0.11875
7 0.44375 0.433125 0.14625 0.14875
7 0.51125 0.50375 0.14625 0.15
7 0.57 0.57125 0.14625 0.14875
7 0.686875 0.708125 0.14625 0.14875
7 0.753125 0.776875 0.14875 0.15125
7 0.0525 0.488125 0.105 0.14125
7 0.09 0.5575 0.14 0.1425
7 0.145 0.62625 0.1375 0.14
7 0.20875 0.689375 0.14125 0.14375
7 0.306875 0.794375 0.13625 0.1425
7 0.35 0.845625 0.13125 0.13625
7 0.3975 0.89875 0.13 0.135
7 0.44 0.943125 0.125 0.11375
7 0.490625 0.966875 0.13375 0.06625