7 0.0675 0.501875 0.12375 0.12
7 0.119375 0.5875 0.125 0.12125
7 0.175 0.6675 0.12375 0.12125
7 0.211875 0.734375 0.12 0.115
7 0.2275 0.2825 0.12375 0.11875
7 0.2775 0.3625 0.1175 0.115
7 0.3325 0.445 0.12625 0.12125
7 0.386875 0.5275 0.12 0.1175
7 0.42875 0.591875 0.1275 0.1225
7 0.449375 0.140625 0.1225 0.1175
7 0.5025 0.223125 0.11625 0.11125
7 0.55875 0.30625 0.12375 0.12
7 0.663125 0.0275 0.11625 0.055
7 0.715 0.08 0.125 0.12125
7 0.770625 0.165625 0.12 0.115
7 0.82375 0.2475 0.11625 0.11375
7 0.865625 0.313125 0.1225 0.11875