7 0.684375 0.10875 0.1225 0.11125
7 0.74 0.1925 0.12375 0.1125
7 0.789375 0.27625 0.12 0.115
7 0.834375 0.338125 0.11875 0.10625
7 0.4175 0.16125 0.12125 0.11
7 0.469375 0.240625 0.115 0.10875
7 0.52125 0.325 0.12375 0.1125
7 0.573125 0.40875 0.1175 0.11
7 0.613125 0.474375 0.125 0.11375
7 0.195625 0.301875 0.12125 0.10875
7 0.248125 0.385 0.115 0.1025
7 0.299375 0.471875 0.1225 0.11125
7 0.0175 0.435625 0.035 0.10375
7 0.045 0.516875 0.09 0.11375
7 0.0825 0.604375 0.1175 0.1075
7 0.134375 0.68625 0.11375 0.10625
7 0.17625 0.751875 0.12 0.11