7 0.093125 0.35375 0.1175 0.10125
7 0.1125 0.4525 0.11875 0.1025
7 0.136875 0.54625 0.11375 0.10625
7 0.149375 0.621875 0.11375 0.09625
7 0.31875 0.201875 0.11625 0.10125
7 0.338125 0.295 0.11 0.1
7 0.36125 0.39125 0.12 0.1025
7 0.384375 0.486875 0.11125 0.10125
7 0.401875 0.561875 0.12125 0.1025
7 0.575 0.145 0.1175 0.09875
7 0.596875 0.240625 0.11125 0.0925
7 0.621875 0.338125 0.1175 0.10125
7 0.824375 0.085625 0.11125 0.09375
7 0.845625 0.17875 0.1175 0.10375
7 0.86875 0.278125 0.11375 0.0975
7 0.890625 0.373125 0.10875 0.0975
7 0.9075 0.449375 0.115 0.10125