19 0.013125 0.333125 0.02625 0.13625
19 0.114375 0.23375 0.13875 0.14125
19 0.19875 0.181875 0.14 0.145
19 0.283125 0.131875 0.13875 0.13875
19 0.358125 0.08 0.1325 0.135
19 0.445 0.04875 0.1275 0.0975
19 0.013125 0.429375 0.02625 0.12625
19 0.050625 0.379375 0.10125 0.12625
19 0.121875 0.33 0.125 0.13
19 0.204375 0.275 0.1275 0.12875
19 0.27875 0.226875 0.12875 0.13
19 0.365 0.176875 0.13 0.13
19 0.444375 0.12375 0.1325 0.13125
19 0.055625 0.640625 0.11125 0.13625
19 0.11625 0.59 0.13625 0.14125
19 0.199375 0.54 0.13875 0.1425
19 0.279375 0.49125 0.12 0.1225
19 0.35875 0.438125 0.135 0.13875
19 0.439375 0.39 0.12625 0.1275
19 0.516875 0.335 0.14 0.14125
19 0.59875 0.278125 0.1425 0.1475
19 0.114375 0.683125 0.12125 0.12125
19 0.20125 0.63625 0.13375 0.135
19 0.28125 0.585 0.14 0.14625
19 0.359375 0.530625 0.12625 0.12625
19 0.4375 0.4775 0.12375 0.12375
19 0.52125 0.42875 0.1225 0.1225
19 0.6025 0.381875 0.13 0.12875
19 0.20375 0.886875 0.11875 0.12625
19 0.274375 0.84125 0.13125 0.13625
19 0.351875 0.788125 0.1325 0.135
19 0.435625 0.739375 0.12875 0.13125
19 0.513125 0.686875 0.14375 0.1475
19 0.59125 0.63625 0.135 0.14125
19 0.675625 0.58625 0.135 0.14
19 0.758125 0.531875 0.1375 0.1425
19 0.275 0.92875 0.13 0.1325
19 0.358125 0.88125 0.1275 0.1325
19 0.44125 0.831875 0.12375 0.125
19 0.515 0.78 0.1325 0.13375
19 0.603125 0.730625 0.13375 0.13375
19 0.679375 0.68125 0.12625 0.125
19 0.763125 0.6275 0.13375 0.13625
2 0.500625 0.9625 0.17625 0.075
11 0.61125 0.95 0.145 0.1
11 0.716875 0.898125 0.16125 0.15125
11 0.825 0.82625 0.155 0.1475
11 0.92875 0.760625 0.1425 0.13625