19 0.093125 0.268125 0.14125 0.1425
19 0.1725 0.209375 0.1425 0.145
19 0.251875 0.1525 0.14125 0.14125
19 0.3225 0.09375 0.135 0.13625
19 0.40375 0.0525 0.13 0.105
19 0.046875 0.42 0.09375 0.1275
19 0.10875 0.363125 0.1275 0.13
19 0.185625 0.301875 0.13 0.13
19 0.25625 0.2475 0.13125 0.13125
19 0.336875 0.189375 0.13125 0.1325
19 0.411875 0.13 0.13375 0.1325
19 0.063125 0.68 0.12625 0.1375
19 0.125625 0.623125 0.13875 0.1425
19 0.204375 0.565625 0.14125 0.14375
19 0.279375 0.510625 0.1225 0.12375
19 0.354375 0.450625 0.1375 0.14
19 0.43 0.395625 0.1275 0.12875
19 0.5025 0.33375 0.14125 0.1425
19 0.57875 0.270625 0.145 0.1475
19 0.13125 0.71625 0.1225 0.1225
19 0.214375 0.66125 0.13625 0.13625
19 0.289375 0.60375 0.14375 0.14625
19 0.3625 0.543125 0.1275 0.1275
19 0.435625 0.483125 0.125 0.12625
19 0.515 0.4275 0.12375 0.12375
19 0.591875 0.373125 0.13125 0.13125
19 0.23875 0.91125 0.12125 0.12625
19 0.305 0.86 0.13375 0.13625
19 0.378125 0.8 0.135 0.13625
19 0.45625 0.744375 0.13125 0.1325
19 0.529375 0.685 0.14625 0.14875
19 0.6025 0.6275 0.13875 0.14125
19 0.6825 0.570625 0.1375 0.14
19 0.76 0.509375 0.14 0.1425
19 0.3125 0.939375 0.1325 0.12125
19 0.391875 0.891875 0.13125 0.1325
19 0.470625 0.83625 0.125 0.12625
19 0.539375 0.778125 0.135 0.13625
19 0.6225 0.720625 0.135 0.135
19 0.694375 0.665 0.1275 0.1275
19 0.77375 0.604375 0.13625 0.1375
2 0.545625 0.96125 0.17875 0.0775
11 0.651875 0.943125 0.14375 0.11375
11 0.75125 0.8775 0.16125 0.15625
11 0.851875 0.79625 0.155 0.15125
11 0.939375 0.7225 0.12125 0.14