19 0.915 0.2825 0.14125 0.1425
19 0.8375 0.22125 0.14375 0.145
19 0.76 0.16125 0.14125 0.14125
19 0.691875 0.1 0.135 0.13625
19 0.61125 0.054375 0.13 0.10875
19 0.954375 0.435625 0.09125 0.12875
19 0.895625 0.376875 0.12875 0.13
19 0.82125 0.3125 0.13 0.13
19 0.7525 0.25625 0.13125 0.13125
19 0.67375 0.195625 0.1325 0.1325
19 0.60125 0.133125 0.135 0.13375
19 0.933125 0.695 0.13375 0.1375
19 0.87 0.63625 0.14 0.1425
19 0.793125 0.57625 0.1425 0.14375
19 0.72 0.518125 0.1225 0.12375
19 0.6475 0.45625 0.13875 0.14
19 0.57375 0.398125 0.12875 0.12875
19 0.50375 0.334375 0.1425 0.14375
19 0.429375 0.268125 0.14625 0.1475
19 0.860625 0.729375 0.12375 0.12375
19 0.78 0.67125 0.13625 0.13625
19 0.706875 0.610625 0.145 0.14625
19 0.635625 0.5475 0.1275 0.1275
19 0.565 0.485 0.12625 0.12625
19 0.4875 0.426875 0.12375 0.125
19 0.4125 0.37 0.13125 0.13125
19 0.746875 0.92 0.1225 0.12625
19 0.6825 0.86625 0.135 0.13625
19 0.611875 0.804375 0.135 0.13625
19 0.535 0.745625 0.1325 0.1325
19 0.464375 0.684375 0.1475 0.14875
19 0.393125 0.62375 0.13875 0.14125
19 0.315 0.564375 0.13875 0.14
19 0.24 0.5 0.14125 0.1425
19 0.67125 0.9425 0.1325 0.115
19 0.594375 0.895625 0.13125 0.1325
19 0.5175 0.836875 0.12625 0.12625
19 0.45125 0.77625 0.135 0.13625
19 0.37 0.71625 0.13625 0.13625
19 0.3 0.658125 0.1275 0.1275
19 0.223125 0.594375 0.1375 0.1375
2 0.43625 0.96 0.18 0.08
11 0.331875 0.94 0.14375 0.12
11 0.23625 0.86875 0.16 0.1575
11 0.138125 0.78375 0.155 0.1525
11 0.05625 0.705625 0.1125 0.14125