11 0.9575 0.3575 0.085 0.1275
11 0.89375 0.31375 0.12125 0.11125
11 0.806875 0.26625 0.1325 0.1225
11 0.72125 0.21125 0.12875 0.1225
11 0.636875 0.164375 0.1325 0.12
11 0.54625 0.113125 0.1275 0.11875
11 0.850625 0.4825 0.13 0.12
11 0.761875 0.426875 0.12125 0.11625
11 0.67 0.379375 0.1275 0.11625
11 0.49125 0.27375 0.1375 0.125
11 0.869375 0.55375 0.13375 0.1175
11 0.774375 0.506875 0.1275 0.1225
11 0.6825 0.455625 0.12625 0.12125
11 0.591875 0.404375 0.1275 0.1225
11 0.50875 0.349375 0.1275 0.1225
11 0.413125 0.295 0.13375 0.125
11 0.724375 0.67875 0.14125 0.13375
11 0.628125 0.62375 0.12875 0.12
11 0.54125 0.57375 0.1325 0.1275
11 0.448125 0.516875 0.13625 0.12375
11 0.351875 0.464375 0.135 0.12
11 0.7375 0.761875 0.125 0.115
11 0.644375 0.701875 0.1325 0.12375
11 0.555 0.6525 0.1225 0.1175
11 0.45625 0.595 0.145 0.13625
11 0.36625 0.546875 0.13875 0.12625
11 0.273125 0.4925 0.12875 0.12375
11 0.5925 0.8925 0.14 0.1275
11 0.608125 0.955 0.13875 0.09
11 0.50875 0.9225 0.13625 0.13125
11 0.499375 0.838125 0.13875 0.1375
11 0.403125 0.780625 0.1325 0.13
11 0.41125 0.861875 0.13125 0.13
11 0.306875 0.7275 0.14 0.13
11 0.2125 0.66625 0.14375 0.1375
11 0.3175 0.809375 0.14 0.13375
11 0.223125 0.755 0.13875 0.135
11 0.125625 0.699375 0.145 0.14