11 0.530625 0.033125 0.13375 0.06625
11 0.459375 0.06625 0.12125 0.12
11 0.385 0.13125 0.13375 0.1325
11 0.304375 0.193125 0.13125 0.13
11 0.23125 0.256875 0.13375 0.13125
11 0.1525 0.324375 0.13 0.12875
11 0.603125 0.164375 0.13125 0.13
11 0.520625 0.22875 0.125 0.12375
11 0.445 0.29875 0.1275 0.12625
11 0.284375 0.430625 0.1375 0.13625
11 0.676875 0.171875 0.1325 0.13
11 0.6 0.244375 0.13125 0.13
11 0.520625 0.313125 0.12875 0.12875
11 0.441875 0.38125 0.13125 0.13
11 0.36125 0.440625 0.13125 0.13
11 0.2775 0.511875 0.13625 0.13375
11 0.744375 0.350625 0.145 0.14375
11 0.66 0.421875 0.13 0.12875
11 0.583125 0.486875 0.13625 0.135
11 0.498125 0.555 0.1375 0.135
11 0.415625 0.626875 0.135 0.1325
11 0.8275 0.366875 0.12625 0.125
11 0.739375 0.433125 0.13375 0.1325
11 0.661875 0.500625 0.12625 0.125
11 0.57375 0.57375 0.1475 0.14625
11 0.498125 0.641875 0.14 0.1375
11 0.415625 0.710625 0.1325 0.1325
11 0.9 0.5475 0.14 0.13875
11 0.956875 0.56 0.08625 0.14
11 0.9 0.63625 0.14 0.13875
11 0.8175 0.61625 0.14375 0.14375
11 0.730625 0.686875 0.1375 0.13625
11 0.81 0.706875 0.1375 0.13625
11 0.6475 0.759375 0.1425 0.14
11 0.558125 0.826875 0.1475 0.14625
11 0.728125 0.7775 0.14375 0.1425
11 0.644375 0.8475 0.14375 0.1425
11 0.559375 0.92 0.14875 0.1475