11 0.539375 0.03375 0.13375 0.0675
11 0.466875 0.065625 0.1225 0.12
11 0.391875 0.129375 0.135 0.13125
11 0.31 0.19 0.13125 0.13
11 0.235625 0.251875 0.13375 0.13125
11 0.155625 0.318125 0.13 0.1275
11 0.609375 0.16625 0.13125 0.12875
11 0.525625 0.229375 0.125 0.12375
11 0.44875 0.298125 0.12875 0.12625
11 0.285625 0.426875 0.13875 0.135
11 0.6825 0.175 0.13375 0.13
11 0.604375 0.245625 0.13125 0.13
11 0.52375 0.31375 0.12875 0.1275
11 0.44375 0.38 0.13125 0.13
11 0.3625 0.438125 0.13125 0.13
11 0.2775 0.508125 0.13625 0.13375
11 0.746875 0.355 0.145 0.1425
11 0.661875 0.425 0.13125 0.12875
11 0.583125 0.488125 0.13625 0.135
11 0.496875 0.555 0.1375 0.13375
11 0.41375 0.625625 0.135 0.13125
11 0.829375 0.3725 0.12625 0.12375
11 0.740625 0.4375 0.13375 0.1325
11 0.661875 0.503125 0.12625 0.125
11 0.5725 0.575 0.1475 0.145
11 0.495625 0.641875 0.14 0.1375
11 0.411875 0.709375 0.1325 0.13125
11 0.899375 0.554375 0.14125 0.1375
11 0.95625 0.568125 0.0875 0.13875
11 0.8975 0.643125 0.14 0.13875
11 0.815625 0.621875 0.14375 0.14375
11 0.7275 0.690625 0.1375 0.13625
11 0.80625 0.7125 0.13625 0.13625
11 0.643125 0.761875 0.1425 0.14
11 0.5525 0.828125 0.1475 0.14625
11 0.723125 0.78125 0.14375 0.1425
11 0.63875 0.85 0.14375 0.1425
11 0.551875 0.92125 0.14875 0.1475