2 0.6375 0.128125 0.215 0.205
2 0.175 0.445 0.22375 0.2175
5 0.500625 0.09125 0.20375 0.1825
5 0.53875 0.245 0.21125 0.2
5 0.42875 0.361875 0.22 0.2025
5 0.286875 0.31875 0.22375 0.21
5 0.09 0.57125 0.18 0.23
5 0.098125 0.7425 0.19625 0.2275
5 0.02375 0.70625 0.0475 0.215
5 0.31875 0.494375 0.21125 0.21
19 0.97375 0.36375 0.0525 0.16
19 0.8525 0.4375 0.17 0.17
19 0.94125 0.458125 0.1175 0.15875
19 0.77125 0.5275 0.17125 0.1625
19 0.884375 0.551875 0.16 0.15375
19 0.680625 0.62 0.1725 0.165
19 0.800625 0.64625 0.17375 0.1675
19 0.595 0.72 0.18375 0.175
19 0.72125 0.745625 0.19375 0.18625
19 0.51375 0.82125 0.1825 0.1775
19 0.634375 0.849375 0.19 0.17875
19 0.418125 0.92125 0.18875 0.1575
19 0.54375 0.93125 0.185 0.1375