2 0.688125 0.150625 0.2225 0.215
2 0.185625 0.4 0.2325 0.22875
5 0.5575 0.09625 0.21 0.1925
5 0.57375 0.253125 0.2175 0.21125
5 0.44875 0.353125 0.22625 0.215
5 0.314375 0.29125 0.23125 0.2225
5 0.089375 0.509375 0.17875 0.24125
5 0.085625 0.681875 0.17125 0.23875
5 0.32125 0.469375 0.22 0.21875
19 0.979375 0.44 0.04125 0.17
19 0.858125 0.486875 0.1775 0.1775
19 0.940625 0.52375 0.11875 0.1675
19 0.764375 0.565 0.17625 0.17125
19 0.87375 0.605 0.165 0.16125
19 0.661875 0.64375 0.1775 0.17375
19 0.7775 0.686875 0.18 0.17625
19 0.563125 0.73125 0.19 0.185
19 0.685 0.77375 0.2 0.19625
19 0.46875 0.82 0.18875 0.18625
19 0.584375 0.864375 0.195 0.18875
19 0.358125 0.91125 0.19625 0.1775
19 0.48 0.93 0.1925 0.14