2 0.484375 0.10375 0.18375 0.165
2 0.82625 0.548125 0.19 0.17875
5 0.626875 0.10625 0.17375 0.1575
5 0.541875 0.245625 0.18 0.16125
5 0.610625 0.390625 0.19125 0.16
5 0.758125 0.39375 0.19375 0.1675
5 0.894375 0.703125 0.20125 0.1875
5 0.823125 0.860625 0.19375 0.1875
5 0.94 0.8675 0.12 0.1825
5 0.674375 0.550625 0.17625 0.17375
19 0.05375 0.20625 0.1075 0.13
19 0.18375 0.33125 0.14125 0.14125
19 0.07 0.316875 0.14 0.12875
19 0.23375 0.4425 0.14625 0.13125
19 0.118125 0.430625 0.13625 0.125
19 0.29125 0.558125 0.14625 0.13375
19 0.16875 0.54625 0.14875 0.13625
19 0.341875 0.68 0.1575 0.1425
19 0.21375 0.665 0.165 0.15125
19 0.3875 0.80125 0.15375 0.145
19 0.264375 0.790625 0.1625 0.14375
19 0.44375 0.93125 0.16 0.1375
19 0.3175 0.918125 0.15625 0.15