8 0.31875 0.030625 0.0975 0.06125
8 0.308125 0.1 0.095 0.0975
8 0.29375 0.1875 0.10375 0.10125
8 0.280625 0.275 0.09625 0.10125
8 0.271875 0.368125 0.1 0.10125
8 0.260625 0.454375 0.1 0.0975
8 0.245 0.53875 0.095 0.09875
8 0.2325 0.6275 0.1025 0.10125
8 0.22 0.71875 0.0975 0.1025
8 0.2075 0.81375 0.1 0.10375
16 0.925625 0.224375 0.1075 0.11375
16 0.900625 0.430625 0.10625 0.11125
16 0.885 0.530625 0.10375 0.11
16 0.870625 0.63 0.10875 0.11375
16 0.86 0.72875 0.10625 0.1075
16 0.8475 0.841875 0.1075 0.1175
16 0.83375 0.945 0.11 0.11