8 0.111875 0.155625 0.11 0.10875
8 0.143125 0.236875 0.10875 0.11
8 0.17125 0.32125 0.1175 0.115
8 0.200625 0.404375 0.11125 0.11375
8 0.236875 0.490625 0.11375 0.115
8 0.2675 0.571875 0.1125 0.11125
8 0.293125 0.65375 0.10875 0.11125
8 0.32375 0.738125 0.11625 0.11625
8 0.355625 0.824375 0.1125 0.115
8 0.38875 0.914375 0.11375 0.11625
16 0.74625 0.06 0.1225 0.12
16 0.82125 0.250625 0.12125 0.125
16 0.854375 0.34625 0.12 0.12375
16 0.888125 0.440625 0.12375 0.1275
16 0.925 0.533125 0.12 0.12125
16 0.9525 0.638125 0.095 0.13125
16 0.970625 0.7375 0.05875 0.1275