8 0.03875 0.30875 0.0775 0.12
8 0.074375 0.375 0.12 0.12
8 0.13 0.444375 0.1275 0.1275
8 0.185625 0.5125 0.1225 0.12375
8 0.249375 0.58125 0.12625 0.12625
8 0.30625 0.646875 0.12375 0.1225
8 0.358125 0.715 0.12 0.12125
8 0.41625 0.784375 0.1275 0.1275
8 0.475 0.854375 0.125 0.125
8 0.536875 0.9275 0.12625 0.1275
16 0.58 0.03375 0.1375 0.0675
16 0.71625 0.15625 0.135 0.13625
16 0.780625 0.234375 0.13375 0.13375
16 0.844375 0.31125 0.1375 0.13875
16 0.910625 0.385625 0.1325 0.1325
16 0.95875 0.469375 0.0825 0.14125