8 0.544375 0.06625 0.0825 0.08375
8 0.589375 0.118125 0.0825 0.08375
8 0.638125 0.16875 0.085 0.085
8 0.68625 0.221875 0.0825 0.08375
8 0.73375 0.276875 0.0825 0.0825
8 0.78125 0.325625 0.08375 0.085
8 0.8275 0.375625 0.07875 0.0775
8 0.875 0.43 0.0825 0.085
8 0.924375 0.4825 0.08625 0.085
8 0.965625 0.538125 0.06875 0.08375
16 0.629375 0.91 0.095 0.095
16 0.57375 0.845 0.0925 0.09375
16 0.5125 0.77875 0.0925 0.09375
16 0.4575 0.71625 0.095 0.095
16 0.40375 0.654375 0.09625 0.0975
16 0.348125 0.595625 0.09625 0.0975
16 0.23625 0.47 0.09375 0.095
16 0.138125 0.35625 0.095 0.095