8 0.423125 0.070625 0.06875 0.07125
8 0.480625 0.108125 0.06875 0.07125
8 0.54125 0.14375 0.07125 0.07125
8 0.6025 0.18125 0.06875 0.07125
8 0.663125 0.22125 0.07 0.07
8 0.7225 0.255 0.07 0.0725
8 0.780625 0.29 0.0675 0.065
8 0.84125 0.329375 0.06875 0.0725
8 0.903125 0.36625 0.0725 0.07125
8 0.965 0.40625 0.07 0.07
16 0.7375 0.85875 0.08 0.08125
16 0.665625 0.81125 0.0775 0.08
16 0.589375 0.764375 0.0775 0.08
16 0.518125 0.719375 0.08 0.08
16 0.45 0.675 0.08 0.08375
16 0.380625 0.63375 0.08 0.08375
16 0.238125 0.54375 0.07875 0.08125
16 0.1125 0.461875 0.08125 0.08