8 0.330625 0.098125 0.09 0.09
8 0.3025 0.16125 0.09 0.09
8 0.27125 0.22375 0.09125 0.09125
8 0.240625 0.28875 0.09 0.09
8 0.21125 0.355 0.09 0.09
8 0.18 0.415625 0.09125 0.09125
8 0.150625 0.476875 0.085 0.08375
8 0.12125 0.5425 0.09 0.09125
8 0.089375 0.6075 0.0925 0.0925
8 0.0575 0.675625 0.09125 0.09125
16 0.49625 0.93 0.1025 0.1025
16 0.530625 0.851875 0.1 0.1
16 0.569375 0.770625 0.1 0.1
16 0.60375 0.69375 0.1025 0.1025
16 0.636875 0.62 0.10375 0.105
16 0.673125 0.546875 0.10375 0.105
16 0.743125 0.39375 0.10125 0.1025
16 0.804375 0.256875 0.1025 0.1025