7 0.554375 0.2025 0.08375 0.08125
7 0.6325 0.25 0.08375 0.08125
7 0.70125 0.2925 0.085 0.08
7 0.76875 0.3325 0.08125 0.08
7 0.8375 0.375625 0.08125 0.08125
7 0.908125 0.415625 0.07875 0.0775
7 0.8025 0.590625 0.08125 0.08125
7 0.731875 0.549375 0.0825 0.08
7 0.591875 0.466875 0.08375 0.0825
7 0.52375 0.42125 0.0775 0.08
7 0.446875 0.37625 0.08125 0.0825
7 0.349375 0.529375 0.085 0.08125
7 0.426875 0.576875 0.0775 0.08
7 0.4975 0.62 0.0825 0.0825
7 0.236875 0.706875 0.0825 0.0825
7 0.318125 0.753125 0.0825 0.085
7 0.38625 0.79875 0.08125 0.08125