7 0.68375 0.259375 0.0825 0.08
7 0.73125 0.3375 0.0825 0.08
7 0.77375 0.406875 0.08375 0.07875
7 0.815625 0.4725 0.08 0.07875
7 0.856875 0.5425 0.08125 0.08125
7 0.901875 0.61 0.0775 0.07625
7 0.728125 0.718125 0.08125 0.08125
7 0.684375 0.64875 0.08125 0.07875
7 0.5975 0.5125 0.08375 0.08125
7 0.556875 0.440625 0.0775 0.07875
7 0.50875 0.365625 0.08 0.0825
7 0.3525 0.4575 0.08375 0.08
7 0.4 0.535 0.0775 0.07875
7 0.44375 0.605625 0.08125 0.0825
7 0.171875 0.565 0.08125 0.0825
7 0.223125 0.643125 0.08125 0.085
7 0.263125 0.715 0.08125 0.08125