7 0.661875 0.244375 0.07875 0.075
7 0.71625 0.3175 0.07875 0.075
7 0.764375 0.383125 0.08 0.07375
7 0.811875 0.445625 0.07625 0.07375
7 0.859375 0.51125 0.07625 0.07625
7 0.91 0.574375 0.07375 0.0725
7 0.74625 0.6975 0.07625 0.07625
7 0.696875 0.6325 0.0775 0.07375
7 0.598125 0.50375 0.07875 0.07625
7 0.55125 0.435625 0.0725 0.075
7 0.496875 0.365 0.075 0.0775
7 0.349375 0.470625 0.08 0.075
7 0.40375 0.54375 0.0725 0.075
7 0.453125 0.61 0.07625 0.0775
7 0.17875 0.593125 0.07625 0.0775
7 0.236875 0.666875 0.07625 0.08
7 0.2825 0.734375 0.07625 0.07625