7 0.02894088669950739 0.4356005788712012 0.05788177339901478 0.1389290882778582
7 0.050492610837438424 0.5354558610709117 0.10098522167487685 0.1389290882778582
7 0.09421182266009852 0.6360347322720694 0.11699507389162561 0.13748191027496381
7 0.13977832512315272 0.7424023154848046 0.11699507389162561 0.13748191027496381
7 0.18842364532019704 0.8429811866859623 0.11699507389162561 0.13748191027496381
7 0.23645320197044334 0.9399421128798843 0.11822660098522167 0.12011577424023155
7 0.16933497536945813 0.3096960926193922 0.11822660098522167 0.1389290882778582
7 0.21982758620689655 0.4081041968162084 0.11822660098522167 0.1389290882778582
7 0.2666256157635468 0.5130246020260492 0.11822660098522167 0.1389290882778582
7 0.31342364532019706 0.6150506512301013 0.11822660098522167 0.1389290882778582
7 0.3633004926108374 0.7178002894356006 0.11822660098522167 0.1389290882778582
7 0.4107142857142857 0.8241678726483358 0.11822660098522167 0.1389290882778582
7 0.4630541871921182 0.9261939218523878 0.11822660098522167 0.1389290882778582
7 0.4421182266009852 0.3986975397973951 0.11822660098522167 0.1389290882778582
7 0.4956896551724138 0.5028943560057887 0.11822660098522167 0.1389290882778582
7 0.5369458128078818 0.6049204052098408 0.11822660098522167 0.1389290882778582
7 0.5905172413793104 0.7069464544138929 0.11822660098522167 0.1389290882778582
7 0.6336206896551724 0.8104196816208393 0.11822660098522167 0.1389290882778582
7 0.5221674876847291 0.07525325615050651 0.11822660098522167 0.1389290882778582
7 0.5695812807881774 0.17872648335745298 0.11822660098522167 0.1389290882778582
7 0.625 0.27496382054992763 0.11822660098522167 0.1389290882778582
7 0.7167487684729064 0.48118668596237335 0.11822660098522167 0.1389290882778582
7 0.7690886699507389 0.5846599131693199 0.11822660098522167 0.1389290882778582
7 0.8183497536945813 0.683068017366136 0.11822660098522167 0.1389290882778582
7 0.6982758620689655 0.01808972503617945 0.11822660098522167 0.0361794500723589
7 0.7487684729064039 0.06874095513748191 0.11822660098522167 0.13748191027496381
7 0.7974137931034483 0.16353111432706222 0.11822660098522167 0.1389290882778582
7 0.8448275862068966 0.26049204052098407 0.11822660098522167 0.1389290882778582
7 0.8934729064039408 0.36468885672937773 0.11822660098522167 0.1389290882778582
7 0.9421182266009852 0.46599131693198265 0.11576354679802955 0.1389290882778582
7 0.9679802955665024 0.5672937771345875 0.06403940886699508 0.1389290882778582