7 0.9716748768472906 0.4667149059334298 0.05665024630541872 0.14037626628075253
7 0.9476600985221675 0.5636758321273516 0.10467980295566502 0.14037626628075253
7 0.8996305418719212 0.6613603473227206 0.11822660098522167 0.1389290882778582
7 0.8491379310344828 0.76410998552822 0.11822660098522167 0.1389290882778582
7 0.7955665024630542 0.8610709117221418 0.11822660098522167 0.1389290882778582
7 0.7419950738916257 0.947178002894356 0.11945812807881774 0.10564399421128799
7 0.8386699507389163 0.3306801736613603 0.11945812807881774 0.14037626628075253
7 0.7838669950738916 0.42547033285094066 0.11945812807881774 0.14037626628075253
7 0.7321428571428571 0.5274963820549927 0.11945812807881774 0.14037626628075253
7 0.6810344827586207 0.625904486251809 0.11945812807881774 0.14037626628075253
7 0.6268472906403941 0.7257597684515196 0.11945812807881774 0.14037626628075253
7 0.5745073891625616 0.829232995658466 0.11945812807881774 0.14037626628075253
7 0.5178571428571429 0.9276410998552822 0.11945812807881774 0.14037626628075253
7 0.562192118226601 0.402315484804631 0.11945812807881774 0.14037626628075253
7 0.5043103448275862 0.5028943560057887 0.11945812807881774 0.14037626628075253
7 0.45874384236453203 0.6027496382054993 0.11945812807881774 0.14037626628075253
7 0.4002463054187192 0.7011577424023154 0.11945812807881774 0.14037626628075253
7 0.35283251231527096 0.8017366136034733 0.11945812807881774 0.14037626628075253
7 0.49692118226600984 0.07452966714905933 0.11945812807881774 0.14037626628075253
7 0.44519704433497537 0.17438494934876989 0.11945812807881774 0.14037626628075253
7 0.3854679802955665 0.26772793053545585 0.11945812807881774 0.14037626628075253
7 0.28448275862068967 0.4681620839363242 0.11945812807881774 0.14037626628075253
7 0.2272167487684729 0.5680173661360347 0.11945812807881774 0.14037626628075253
7 0.17364532019704434 0.662807525325615 0.11945812807881774 0.14037626628075253
7 0.27032019704433496 0.06150506512301013 0.11945812807881774 0.12301013024602026
7 0.21798029556650247 0.14616497829232997 0.11945812807881774 0.14037626628075253
7 0.16625615763546797 0.23950795947901593 0.11945812807881774 0.14037626628075253
7 0.11268472906403941 0.34008683068017365 0.11945812807881774 0.14037626628075253
7 0.059113300492610835 0.4392185238784371 0.11822660098522167 0.14037626628075253
7 0.03078817733990148 0.5376266280752533 0.06157635467980296 0.14037626628075253