7 0.16379310344827586 0.060057887120115776 0.10344827586206896 0.12011577424023155
7 0.13916256157635468 0.1671490593342981 0.10344827586206896 0.12301013024602026
7 0.1206896551724138 0.2821997105643994 0.10344827586206896 0.12156295224312591
7 0.09421182266009852 0.39652677279305354 0.10344827586206896 0.12156295224312591
7 0.07327586206896551 0.5101302460202605 0.10344827586206896 0.12156295224312591
7 0.050492610837438424 0.6273516642547033 0.10098522167487685 0.12301013024602026
7 0.04002463054187192 0.7402315484804631 0.08004926108374384 0.12301013024602026
7 0.3626847290640394 0.09913169319826338 0.10344827586206896 0.12301013024602026
7 0.34421182266009853 0.21128798842257598 0.10344827586206896 0.12301013024602026
7 0.3195812807881773 0.3263386396526773 0.10344827586206896 0.12301013024602026
7 0.2961822660098522 0.4384949348769899 0.10344827586206896 0.12301013024602026
7 0.2746305418719212 0.5549927641099855 0.10344827586206896 0.12301013024602026
7 0.24876847290640394 0.670767004341534 0.10344827586206896 0.12301013024602026
7 0.22967980295566504 0.7879884225759769 0.10344827586206896 0.12301013024602026
7 0.5147783251231527 0.3791606367583213 0.10344827586206896 0.12301013024602026
7 0.49507389162561577 0.49855282199710566 0.10344827586206896 0.12301013024602026
7 0.46736453201970446 0.6070911722141823 0.10344827586206896 0.12301013024602026
7 0.44950738916256155 0.7250361794500724 0.10344827586206896 0.12301013024602026
7 0.4224137931034483 0.8357452966714906 0.10344827586206896 0.12301013024602026
7 0.7580049261083743 0.20188133140376266 0.10344827586206896 0.12301013024602026
7 0.7346059113300493 0.3154848046309696 0.10344827586206896 0.12301013024602026
7 0.7210591133004927 0.4305354558610709 0.10344827586206896 0.12301013024602026
7 0.6717980295566502 0.6562952243125905 0.10344827586206896 0.12301013024602026
7 0.6520935960591133 0.7742402315484804 0.10344827586206896 0.12301013024602026
7 0.6323891625615764 0.886396526772793 0.10344827586206896 0.12301013024602026
7 0.9495073891625616 0.2597684515195369 0.10098522167487685 0.12301013024602026
7 0.9316502463054187 0.3748191027496382 0.10344827586206896 0.12301013024602026
7 0.9125615763546798 0.4840810419681621 0.10344827586206896 0.12301013024602026
7 0.8922413793103449 0.5933429811866859 0.10344827586206896 0.12301013024602026
7 0.8694581280788177 0.7083936324167872 0.10344827586206896 0.12301013024602026
7 0.8485221674876847 0.8234442836468886 0.10344827586206896 0.12301013024602026
7 0.8288177339901478 0.9392185238784371 0.10344827586206896 0.12156295224312591