7 0.20023148148148148 0.08384332925336598 0.16898148148148148 0.16768665850673195
7 0.17592592592592593 0.27356181150550796 0.16898148148148148 0.1799265605875153
7 0.1556712962962963 0.46572827417380663 0.16898148148148148 0.1799265605875153
7 0.13020833333333334 0.6585067319461444 0.16898148148148148 0.1799265605875153
7 0.1087962962962963 0.8531211750305998 0.16898148148148148 0.1799265605875153
7 0.5763888888888888 0.11689106487148103 0.16898148148148148 0.1799265605875153
7 0.5549768518518519 0.310281517747858 0.16898148148148148 0.1799265605875153
7 0.5341435185185185 0.5024479804161567 0.16898148148148148 0.1799265605875153
7 0.5028935185185185 0.6995104039167687 0.16898148148148148 0.1799265605875153
7 0.4866898148148148 0.8984088127294981 0.16898148148148148 0.1799265605875153
7 0.9253472222222222 0.1646266829865361 0.14930555555555555 0.1799265605875153
7 0.9184027777777778 0.36046511627906974 0.16319444444444445 0.1799265605875153
7 0.8958333333333334 0.5495716034271726 0.16898148148148148 0.1799265605875153
7 0.8790509259259259 0.7447980416156671 0.16898148148148148 0.1799265605875153
7 0.8506944444444444 0.9247246022031824 0.16898148148148148 0.15055079559363524