7 0.0775462962962963 0.25091799265605874 0.1550925925925926 0.20318237454100369
7 0.11574074074074074 0.4394124847001224 0.1909722222222222 0.20318237454100369
7 0.17418981481481483 0.6230110159118727 0.1909722222222222 0.20318237454100369
7 0.22800925925925927 0.8090575275397797 0.1909722222222222 0.20318237454100369
7 0.2864583333333333 0.9467564259485924 0.1909722222222222 0.10648714810281518
7 0.41608796296296297 0.11872705018359853 0.1909722222222222 0.20318237454100369
7 0.47453703703703703 0.30354957160342716 0.1909722222222222 0.20318237454100369
7 0.5318287037037037 0.48714810281517745 0.1909722222222222 0.20318237454100369
7 0.5827546296296297 0.6793145654834761 0.1909722222222222 0.20318237454100369
7 0.6475694444444444 0.8671970624235006 0.1909722222222222 0.20318237454100369
7 0.7609953703703703 0.051407588739290085 0.1909722222222222 0.10281517747858017
7 0.8263888888888888 0.1854345165238678 0.1909722222222222 0.20318237454100369
7 0.8784722222222222 0.3678090575275398 0.1909722222222222 0.20318237454100369
7 0.9230324074074074 0.5520195838433293 0.15393518518518517 0.20318237454100369
7 0.9490740740740741 0.7417380660954712 0.10185185185185185 0.20318237454100369