7 0.08101851851851852 0.23561811505507957 0.16203703703703703 0.19951040391676866
7 0.11805555555555555 0.42533659730722156 0.1875 0.19951040391676866
7 0.1707175925925926 0.6107711138310894 0.1875 0.19951040391676866
7 0.2181712962962963 0.7986536107711139 0.1875 0.19951040391676866
7 0.26967592592592593 0.9430844553243574 0.1875 0.11383108935128519
7 0.4288194444444444 0.11627906976744186 0.1875 0.19951040391676866
7 0.4809027777777778 0.302937576499388 0.1875 0.19951040391676866
7 0.5324074074074074 0.4883720930232558 0.1875 0.19951040391676866
7 0.5763888888888888 0.682374541003672 0.1875 0.19951040391676866
7 0.6354166666666666 0.872093023255814 0.1875 0.19951040391676866
7 0.7777777777777778 0.05569155446756426 0.1875 0.11138310893512852
7 0.8362268518518519 0.19767441860465115 0.1875 0.19951040391676866
7 0.8825231481481481 0.3818849449204406 0.1875 0.19951040391676866
7 0.9224537037037037 0.5685434516523867 0.1550925925925926 0.19951040391676866
7 0.9456018518518519 0.7594859241126071 0.1087962962962963 0.19951040391676866