7 0.6623681125439624 0.050292397660818715 0.20867526377491208 0.10058479532163743
7 0.4958968347010551 0.09298245614035087 0.20867526377491208 0.18596491228070175
7 0.3276670574443142 0.1695906432748538 0.20867526377491208 0.20818713450292398
7 0.16881594372801875 0.260233918128655 0.20867526377491208 0.20818713450292398
7 0.056858147713950764 0.3485380116959064 0.11371629542790153 0.20818713450292398
7 0.8376318874560376 0.34385964912280703 0.20867526377491208 0.20818713450292398
7 0.6723329425556858 0.43157894736842106 0.20867526377491208 0.20818713450292398
7 0.5005861664712778 0.5228070175438596 0.20867526377491208 0.20818713450292398
7 0.17174677608440797 0.6935672514619883 0.20867526377491208 0.20818713450292398
7 0.9548651817116061 0.6795321637426901 0.09026963657678781 0.20818713450292398
7 0.8423212192262602 0.7654970760233918 0.20867526377491208 0.20818713450292398
7 0.6781946072684643 0.8514619883040936 0.20867526377491208 0.20818713450292398
7 0.5169988276670574 0.9157894736842105 0.20867526377491208 0.16842105263157894
7 0.3540445486518171 0.9608187134502923 0.20867526377491208 0.0783625730994152