7 0.10140679953106682 0.15263157894736842 0.16178194607268465 0.16257309941520467
7 0.28722157092614303 0.14035087719298245 0.16178194607268465 0.16257309941520467
7 0.4771395076201641 0.1280701754385965 0.16178194607268465 0.16257309941520467
7 0.6600234466588512 0.12456140350877193 0.16178194607268465 0.16257309941520467
7 0.8429073856975381 0.11871345029239766 0.16178194607268465 0.16257309941520467
7 0.13012895662368112 0.539766081871345 0.16178194607268465 0.16257309941520467
7 0.317116060961313 0.5298245614035088 0.16178194607268465 0.16257309941520467
7 0.5117233294255569 0.5198830409356725 0.16178194607268465 0.16257309941520467
7 0.8815943728018757 0.49707602339181284 0.16178194607268465 0.16257309941520467
7 0.15240328253223914 0.9181286549707602 0.16178194607268465 0.16257309941520467
7 0.3440797186400938 0.9035087719298246 0.16178194607268465 0.16257309941520467
7 0.5287221570926143 0.8923976608187134 0.16178194607268465 0.16257309941520467
7 0.7104337631887456 0.8830409356725146 0.16178194607268465 0.16257309941520467
7 0.8968347010550997 0.875438596491228 0.16178194607268465 0.16257309941520467