7 0.34642438452520513 0.049707602339181284 0.20984759671746775 0.09941520467836257
7 0.5105509964830012 0.0935672514619883 0.20984759671746775 0.1871345029239766
7 0.6781946072684643 0.17251461988304093 0.20984759671746775 0.20935672514619882
7 0.8352872215709262 0.26608187134502925 0.20984759671746775 0.20935672514619882
7 0.9443141852286049 0.35730994152046786 0.11137162954279015 0.20935672514619882
7 0.1652989449003517 0.33801169590643276 0.20984759671746775 0.20935672514619882
7 0.3288393903868699 0.4286549707602339 0.20984759671746775 0.20935672514619882
7 0.49941383352872215 0.5228070175438596 0.20984759671746775 0.20935672514619882
7 0.824736225087925 0.6988304093567251 0.20984759671746775 0.20935672514619882
7 0.043962485345838215 0.6707602339181287 0.08792497069167643 0.20935672514619882
7 0.15357561547479484 0.7596491228070176 0.20984759671746775 0.20935672514619882
7 0.3159437280187573 0.847953216374269 0.20984759671746775 0.20935672514619882
7 0.4742086752637749 0.9157894736842105 0.20984759671746775 0.16842105263157894
7 0.6359906213364596 0.9614035087719298 0.20984759671746775 0.07719298245614035