7 0.15734649122807018 0.9306930693069307 0.14364035087719298 0.13861386138613863
7 0.2894736842105263 0.8991336633663366 0.14364035087719298 0.16584158415841585
7 0.4380482456140351 0.8558168316831684 0.14364035087719298 0.16584158415841585
7 0.856359649122807 0.7202970297029703 0.14364035087719298 0.16584158415841585
7 0.6392543859649122 0.44925742574257427 0.1524122807017544 0.17326732673267325
7 0.2099780701754386 0.5792079207920792 0.1524122807017544 0.17326732673267325
7 0.0756578947368421 0.6256188118811881 0.15021929824561403 0.17326732673267325
7 0.26973684210526316 0.20668316831683167 0.1513157894736842 0.17326732673267325
7 0.4155701754385965 0.16150990099009901 0.1513157894736842 0.17326732673267325
7 0.5548245614035088 0.11695544554455446 0.1513157894736842 0.17326732673267325
7 0.8355263157894737 0.05693069306930693 0.1513157894736842 0.11386138613861387