7 0.9490131578947368 0.7679455445544554 0.10197368421052631 0.1547029702970297
7 0.8278508771929824 0.780940594059406 0.13267543859649122 0.1547029702970297
7 0.6754385964912281 0.8038366336633663 0.13267543859649122 0.1547029702970297
7 0.24232456140350878 0.8551980198019802 0.13267543859649122 0.1547029702970297
7 0.3541666666666667 0.5117574257425742 0.14144736842105263 0.16212871287128713
7 0.7949561403508771 0.4504950495049505 0.14144736842105263 0.16212871287128713
7 0.9325657894736842 0.4368811881188119 0.13486842105263158 0.1608910891089109
7 0.6162280701754386 0.13056930693069307 0.14035087719298245 0.16212871287128713
7 0.46600877192982454 0.15037128712871287 0.14035087719298245 0.16212871287128713
7 0.3218201754385965 0.16831683168316833 0.14035087719298245 0.16212871287128713
7 0.05098684210526316 0.20358910891089108 0.10197368421052631 0.16212871287128713