7 0.23190789473684212 0.9579207920792079 0.15679824561403508 0.08415841584158416
7 0.3536184210526316 0.9220297029702971 0.15679824561403508 0.15594059405940594
7 0.49396929824561403 0.8626237623762376 0.15679824561403508 0.17945544554455445
7 0.8848684210526315 0.6472772277227723 0.15679824561403508 0.17945544554455445
7 0.6293859649122807 0.42264851485148514 0.16557017543859648 0.18811881188118812
7 0.22642543859649122 0.6349009900990099 0.16557017543859648 0.18811881188118812
7 0.10142543859649122 0.7073019801980198 0.16337719298245615 0.18811881188118812
7 0.22807017543859648 0.2561881188118812 0.16447368421052633 0.18811881188118812
7 0.3645833333333333 0.18316831683168316 0.16447368421052633 0.18811881188118812
7 0.49506578947368424 0.11200495049504951 0.16447368421052633 0.18811881188118812
7 0.7576754385964912 0.03155940594059406 0.16447368421052633 0.06311881188118812