16 0.31542351453855877 0.16061046511627908 0.12515802781289506 0.14098837209302326
16 0.36852085967130216 0.279796511627907 0.12515802781289506 0.14098837209302326
16 0.4108723135271808 0.40261627906976744 0.12515802781289506 0.14098837209302326
16 0.46017699115044247 0.5370639534883721 0.12515802781289506 0.14098837209302326
16 0.5176991150442478 0.6780523255813954 0.12515802781289506 0.14098837209302326
16 0.5752212389380531 0.8328488372093024 0.13147914032869784 0.14680232558139536
12 0.26801517067003794 0.09011627906976744 0.05941845764854614 0.05813953488372093
12 0.2515802781289507 0.0559593023255814 0.05941845764854614 0.06395348837209303
12 0.23640960809102401 0.028343023255813952 0.0606826801517067 0.056686046511627904
12 0.22566371681415928 0.01308139534883721 0.061946902654867256 0.02616279069767442
3 0.6156763590391909 0.9396802325581395 0.10493046776232617 0.11918604651162791