16 0.8470290771175727 0.47238372093023256 0.13780025284450062 0.1569767441860465
16 0.7326169405815424 0.49273255813953487 0.13780025284450062 0.1569767441860465
16 0.6213653603034134 0.5254360465116279 0.13780025284450062 0.1569767441860465
16 0.4974715549936789 0.5588662790697675 0.13780025284450062 0.1569767441860465
16 0.3647281921618205 0.5879360465116279 0.13780025284450062 0.1569767441860465
16 0.22123893805309736 0.6257267441860465 0.14412136536030343 0.16424418604651161
12 0.9247787610619469 0.4745639534883721 0.061946902654867256 0.06831395348837209
12 0.9589127686472819 0.470203488372093 0.06447534766118837 0.07267441860465117
12 0.9778761061946902 0.46584302325581395 0.04424778761061947 0.07122093023255814
12 0.9924146649810367 0.45566860465116277 0.015170670037926675 0.07703488372093023
3 0.12262958280657396 0.6511627906976745 0.11630847029077118 0.13226744186046513