5 0.8779931584948689 0.25900621118012424 0.10148232611174458 0.11055900621118013
5 0.8916761687571265 0.368944099378882 0.10490307867730901 0.11180124223602485
5 0.9161915621436716 0.48012422360248447 0.10376282782212087 0.11180124223602485
5 0.6961231470923603 0.3 0.10034207525655645 0.1093167701863354
5 0.7120866590649944 0.41055900621118013 0.10148232611174458 0.10683229813664596
5 0.734321550741163 0.5161490683229814 0.10832383124287344 0.115527950310559
5 0.5119726339794755 0.3347826086956522 0.10490307867730901 0.11428571428571428
5 0.5353477765108324 0.4434782608695652 0.10604332953249715 0.11304347826086956
5 0.5530216647662486 0.5596273291925465 0.10832383124287344 0.115527950310559
5 0.2137970353477765 0.4 0.10376282782212087 0.11055900621118013
5 0.022234891676168756 0.5590062111801242 0.04446978335233751 0.11428571428571428
5 0.029646522234891677 0.668944099378882 0.059293044469783354 0.10559006211180125