5 0.5558722919042189 0.04161490683229813 0.10376282782212087 0.08322981366459627
5 0.45781071835803877 0.05652173913043478 0.10604332953249715 0.11304347826086956
5 0.3540478905359179 0.07515527950310559 0.10604332953249715 0.11428571428571428
5 0.5923603192702395 0.22546583850931676 0.10148232611174458 0.11055900621118013
5 0.4925883694412771 0.25217391304347825 0.10262257696693272 0.11055900621118013
5 0.3945267958950969 0.2714285714285714 0.10946408209806158 0.11801242236024845
5 0.6351197263397947 0.4236024844720497 0.10718358038768529 0.115527950310559
5 0.5342075256556442 0.4422360248447205 0.10718358038768529 0.115527950310559
5 0.42930444697833525 0.47018633540372673 0.10946408209806158 0.11801242236024845
5 0.6961231470923603 0.7478260869565218 0.10490307867730901 0.11304347826086956
5 0.6482326111744584 0.9875776397515528 0.10832383124287344 0.024844720496894408