5 0.5478905359179019 0.040993788819875775 0.10376282782212087 0.08198757763975155
5 0.4509692132269099 0.05652173913043478 0.10604332953249715 0.11304347826086956
5 0.34720638540478904 0.0782608695652174 0.10490307867730901 0.11304347826086956
5 0.5877993158494869 0.2236024844720497 0.10148232611174458 0.11055900621118013
5 0.4885974914481186 0.25217391304347825 0.10262257696693272 0.1093167701863354
5 0.39110604332953247 0.2732919254658385 0.10946408209806158 0.11801242236024845
5 0.6339794754846066 0.42049689440993787 0.10718358038768529 0.115527950310559
5 0.5330672748004561 0.44161490683229815 0.10718358038768529 0.11428571428571428
5 0.42873432155074115 0.4714285714285714 0.10946408209806158 0.11801242236024845
5 0.7001140250855188 0.7440993788819876 0.10490307867730901 0.11304347826086956
5 0.6567844925883695 0.9857142857142858 0.10718358038768529 0.02857142857142857