15 0.683049147442327 0.08023952095808383 0.08124373119358075 0.06467065868263473
15 0.619358074222668 0.14790419161676646 0.08425275827482448 0.0658682634730539
15 0.555667001003009 0.21137724550898204 0.08425275827482448 0.0718562874251497
15 0.4899699097291876 0.27844311377245506 0.08525576730190572 0.06826347305389222
15 0.4267803410230692 0.3473053892215569 0.08425275827482448 0.07305389221556886
15 0.36158475426278835 0.4179640718562874 0.08324974924774323 0.0718562874251497
15 0.283851554663992 0.49221556886227547 0.08826479438314945 0.07305389221556886
15 0.21263791374122368 0.5658682634730539 0.09227683049147442 0.07544910179640718
15 0.07472417251755266 0.7053892215568862 0.09327983951855567 0.07664670658682635
15 0.9613841524573721 0.13592814371257486 0.07723169508525576 0.0658682634730539
15 0.90320962888666 0.19880239520958085 0.08625877632898696 0.0658682634730539
15 0.8445336008024072 0.26586826347305387 0.0802407221664995 0.06946107784431138
15 0.7818455366098295 0.3311377245508982 0.09327983951855567 0.07065868263473053
15 0.7196589769307924 0.4041916167664671 0.07923771313941826 0.07065868263473053
15 0.6484453360080241 0.47784431137724553 0.08425275827482448 0.07305389221556886
15 0.5817452357071213 0.5473053892215569 0.09428284854563691 0.07664670658682635
15 0.5155466399197592 0.6233532934131737 0.09227683049147442 0.07664670658682635
15 0.44332998996990974 0.7011976047904191 0.08726178535606821 0.07065868263473053
15 0.3736208625877633 0.7790419161676647 0.09227683049147442 0.07664670658682635
15 0.3029087261785356 0.858682634730539 0.09227683049147442 0.07784431137724551
15 0.2382146439317954 0.9263473053892216 0.08726178535606821 0.07664670658682635