15 0.38064192577733197 0.04910179640718563 0.0802407221664995 0.06107784431137724
15 0.4338014042126379 0.1281437125748503 0.08324974924774323 0.06227544910179641
15 0.48696088264794385 0.20419161676646708 0.08224674022066199 0.06826347305389222
15 0.5421263791374122 0.2838323353293413 0.08324974924774323 0.06467065868263473
15 0.594282848545637 0.3652694610778443 0.08324974924774323 0.06946107784431138
15 0.6484453360080241 0.4479041916167665 0.08124373119358075 0.06826347305389222
15 0.7141424272818455 0.537125748502994 0.08625877632898696 0.07065868263473053
15 0.7733199598796389 0.6245508982035928 0.09127382146439318 0.0718562874251497
15 0.8886659979939819 0.7904191616766467 0.09227683049147442 0.07305389221556886
15 0.09628886659979939 0.04610778443113772 0.07823470411233702 0.06227544910179641
15 0.1469408224674022 0.11976047904191617 0.08525576730190572 0.06347305389221557
15 0.1950852557673019 0.19760479041916168 0.07823470411233702 0.0658682634730539
15 0.2472417251755266 0.2754491017964072 0.09127382146439318 0.06706586826347305
15 0.29739217652958877 0.3598802395209581 0.07723169508525576 0.06826347305389222
15 0.35707121364092276 0.4473053892215569 0.08324974924774323 0.06946107784431138
15 0.4127382146439318 0.5299401197604791 0.09327983951855567 0.07305389221556886
15 0.46690070210631895 0.618562874251497 0.09127382146439318 0.07305389221556886
15 0.526579739217653 0.7101796407185629 0.08525576730190572 0.06826347305389222
15 0.5837512537612839 0.8011976047904191 0.09127382146439318 0.07305389221556886
15 0.641925777331996 0.8940119760479042 0.09127382146439318 0.07425149700598803
15 0.6960882647943831 0.9682634730538923 0.08625877632898696 0.06347305389221557