4 0.19924337957124844 0.039713541666666664 0.06557377049180328 0.07942708333333333
4 0.26166456494325346 0.10611979166666667 0.06683480453972257 0.08203125
4 0.31904161412358134 0.18033854166666666 0.06683480453972257 0.08463541666666667
4 0.3770491803278688 0.2545572916666667 0.07187894073139975 0.09114583333333333
4 0.4401008827238335 0.333984375 0.07440100882723834 0.08854166666666667
4 0.5006305170239597 0.4095052083333333 0.06809583858764187 0.08984375
4 0.5605296343001261 0.484375 0.07061790668348046 0.08723958333333333
4 0.6223203026481715 0.5638020833333334 0.06683480453972257 0.08723958333333333
4 0.6878940731399747 0.6438802083333334 0.07566204287515763 0.09505208333333333
4 0.44640605296343 0.7578125 0.06935687263556116 0.09375
4 0.5762925598991173 0.9251302083333334 0.07440100882723834 0.09505208333333333