4 0.010718789407313998 0.365234375 0.021437578814627996 0.09505208333333333
4 0.06746532156368222 0.3723958333333333 0.08953341740226986 0.09635416666666667
4 0.15825977301387137 0.3880208333333333 0.09079445145018916 0.09895833333333333
4 0.24968474148802017 0.40234375 0.09836065573770492 0.10546875
4 0.3480453972257251 0.4173177083333333 0.09836065573770492 0.10546875
4 0.44199243379571246 0.4322916666666667 0.09457755359394704 0.10286458333333333
4 0.5346784363177806 0.447265625 0.09457755359394704 0.1015625
4 0.6324085750315258 0.462890625 0.09205548549810845 0.10026041666666667
4 0.7332912988650694 0.4772135416666667 0.1021437578814628 0.11067708333333333
4 0.6273644388398487 0.728515625 0.09709962168978563 0.10677083333333333
4 0.832282471626734 0.7630208333333334 0.1008827238335435 0.109375