4 0.9634300126103404 0.220703125 0.07313997477931904 0.08984375
4 0.8814627994955864 0.25390625 0.07818411097099622 0.09114583333333333
4 0.798234552332913 0.294921875 0.07944514501891552 0.09375
4 0.71437578814628 0.3352864583333333 0.08575031525851198 0.10026041666666667
4 0.6242118537200504 0.3776041666666667 0.08701134930643127 0.09895833333333333
4 0.5378310214375788 0.4186197916666667 0.08196721311475409 0.09895833333333333
4 0.4520807061790668 0.458984375 0.0832282471626734 0.09635416666666667
4 0.362547288776797 0.501953125 0.0807061790668348 0.09635416666666667
4 0.2698612862547289 0.5442708333333334 0.08953341740226986 0.10416666666666667
4 0.43883984867591425 0.755859375 0.0832282471626734 0.10286458333333333
4 0.2509457755359395 0.8470052083333334 0.08827238335435057 0.10416666666666667