13 0.45 0.0485781990521327 0.1048780487804878 0.09360189573459715
13 0.4201219512195122 0.14277251184834122 0.10853658536585366 0.09597156398104266
13 0.3878048780487805 0.23755924170616113 0.10853658536585366 0.10071090047393365
13 0.348780487804878 0.3305687203791469 0.11097560975609756 0.0995260663507109
13 0.3146341463414634 0.4324644549763033 0.11097560975609756 0.1018957345971564
13 0.27682926829268295 0.5319905213270142 0.10853658536585366 0.0995260663507109
13 0.6676829268292683 0.12618483412322276 0.11219512195121951 0.1018957345971564
13 0.6390243902439025 0.22393364928909953 0.10975609756097561 0.09834123222748815
13 0.6054878048780488 0.3222748815165877 0.11219512195121951 0.1018957345971564
13 0.573780487804878 0.4212085308056872 0.10853658536585366 0.0995260663507109
13 0.5445121951219513 0.5284360189573459 0.11707317073170732 0.10900473933649289
13 0.5097560975609756 0.6327014218009479 0.11951219512195121 0.11137440758293839
13 0.47317073170731705 0.740521327014218 0.11829268292682926 0.11018957345971564
13 0.43902439024390244 0.8530805687203792 0.12195121951219512 0.11255924170616113
13 0.40487804878048783 0.9567535545023697 0.12195121951219512 0.08649289099526067