13 0.6451219512195122 0.06872037914691943 0.11097560975609756 0.10308056872037914
13 0.6542682926829269 0.16646919431279622 0.11463414634146342 0.1066350710900474
13 0.6658536585365854 0.2659952606635071 0.11585365853658537 0.11018957345971564
13 0.6841463414634147 0.36492890995260663 0.11829268292682926 0.11018957345971564
13 0.6957317073170731 0.4709715639810427 0.11829268292682926 0.11137440758293839
13 0.7115853658536585 0.5764218009478673 0.11585365853658537 0.10900473933649289
13 0.4164634146341463 0.10071090047393365 0.11951219512195121 0.11137440758293839
13 0.42317073170731706 0.2014218009478673 0.11585365853658537 0.10900473933649289
13 0.4347560975609756 0.30509478672985785 0.11951219512195121 0.11137440758293839
13 0.4445121951219512 0.408175355450237 0.11585365853658537 0.10900473933649289
13 0.450609756097561 0.518957345971564 0.12560975609756098 0.11966824644549763
13 0.46219512195121953 0.6279620853080569 0.12682926829268293 0.12203791469194313
13 0.475 0.740521327014218 0.12560975609756098 0.11966824644549763
13 0.4841463414634146 0.8578199052132701 0.13048780487804879 0.12322274881516587
13 0.49146341463414633 0.9585308056872038 0.13170731707317074 0.08293838862559241