13 0.3408536585365854 0.07286729857819906 0.0951219512195122 0.07938388625592417
13 0.41036585365853656 0.14454976303317535 0.0975609756097561 0.08175355450236967
13 0.4823170731707317 0.21623222748815166 0.09634146341463415 0.08649289099526067
13 0.5591463414634147 0.283175355450237 0.1 0.08530805687203792
13 0.6359756097560976 0.36018957345971564 0.09878048780487805 0.08767772511848342
13 0.7152439024390244 0.43364928909952605 0.09634146341463415 0.08530805687203792
13 0.18109756097560975 0.23518957345971564 0.1 0.08767772511848342
13 0.250609756097561 0.3104265402843602 0.0975609756097561 0.08412322274881516
13 0.325 0.38507109004739337 0.1 0.08767772511848342
13 0.3981707317073171 0.4609004739336493 0.09634146341463415 0.08530805687203792
13 0.47317073170731705 0.544431279620853 0.10365853658536585 0.0947867298578199
13 0.551219512195122 0.6232227488151659 0.1048780487804878 0.0971563981042654
13 0.6329268292682927 0.7043838862559242 0.1048780487804878 0.0947867298578199
13 0.7146341463414634 0.7914691943127962 0.10853658536585366 0.0971563981042654
13 0.7981707317073171 0.8832938388625592 0.10853658536585366 0.10071090047393365