13 0.8236141108711303 0.09629101283880172 0.05543556515478762 0.10984308131241084
13 0.779337652987761 0.17475035663338087 0.05543556515478762 0.11126961483594865
13 0.7379409647228222 0.25178316690442226 0.06047516198704104 0.11126961483594865
13 0.6929445644348452 0.32952924393723254 0.05759539236861051 0.10984308131241084
13 0.6479481641468683 0.4051355206847361 0.0619150467962563 0.11554921540656206
13 0.6029517638588913 0.4893009985734665 0.05543556515478762 0.11697574893009986
13 0.5583153347732182 0.572039942938659 0.05399568034557235 0.11269614835948645
13 0.5111591072714183 0.6569186875891584 0.056155507559395246 0.12125534950071326
13 0.46436285097192226 0.7410841654778887 0.05687544996400288 0.11840228245363767
13 0.935565154787617 0.25891583452211125 0.059755219582433405 0.11840228245363767
13 0.8923686105111591 0.33737517831669045 0.056155507559395246 0.10556348074179743
13 0.8513318934485241 0.41512125534950073 0.056155507559395246 0.11412268188302425
13 0.8077753779697624 0.5 0.06407487401007919 0.11982881597717546
13 0.7566594672426206 0.5784593437945792 0.059755219582433405 0.11840228245363767
13 0.7145428365730742 0.6676176890156919 0.06047516198704104 0.12268188302425106
13 0.298776097912167 0.4686162624821683 0.06335493160547156 0.11840228245363767
13 0.16918646508279336 0.5028530670470756 0.06839452843772498 0.11554921540656206
13 0.2473002159827214 0.7917261055634808 0.06911447084233262 0.1326676176890157
13 0.12347012239020878 0.8266761768901569 0.06767458603311735 0.1312410841654779
13 0.06083513318934485 0.8487874465049928 0.06695464362850972 0.12981455064194009