13 0.8513318934485241 0.20185449358059915 0.0482361411087113 0.09557774607703282
13 0.8016558675305976 0.2653352353780314 0.0482361411087113 0.09700427960057062
13 0.7544996400287977 0.3288159771754636 0.05327573794096472 0.09557774607703282
13 0.7041036717062635 0.39158345221112695 0.0503959683225342 0.09557774607703282
13 0.6537077033837293 0.4522111269614836 0.054715622750179986 0.09985734664764621
13 0.6025917926565875 0.521398002853067 0.047516198704103674 0.10413694721825963
13 0.5518358531317494 0.5891583452211127 0.04679625629949604 0.09985734664764621
13 0.49856011519078475 0.6583452211126961 0.0482361411087113 0.10699001426533523
13 0.4456443484521238 0.7268188302425107 0.04895608351331893 0.10413694721825963
13 0.949244060475162 0.39657631954350925 0.05255579553635709 0.10271041369472182
13 0.900287976961843 0.4607703281027104 0.04967602591792657 0.0912981455064194
13 0.8538516918646508 0.5249643366619116 0.04895608351331893 0.09985734664764621
13 0.8038156947444205 0.5955777460770328 0.05687544996400288 0.10413694721825963
13 0.7473002159827213 0.6569186875891584 0.05183585313174946 0.10413694721825963
13 0.6987041036717062 0.7318116975748931 0.05255579553635709 0.10841654778887304
13 0.30381569474442044 0.4065620542082739 0.056155507559395246 0.10271041369472182
13 0.17314614830813535 0.40014265335235377 0.061195104391648665 0.09843081312410841
13 0.22750179985601152 0.7097004279600571 0.06047516198704104 0.11554921540656206
13 0.10223182145428365 0.7061340941512125 0.05903527717782577 0.11412268188302425
13 0.038876889848812095 0.7082738944365192 0.05903527717782577 0.11269614835948645