13 0.8776097912167027 0.6162624821683309 0.06623470122390208 0.1312410841654779
13 0.8185745140388769 0.6176890156918687 0.06695464362850972 0.1326676176890157
13 0.761699064074874 0.6219686162624821 0.07055435565154787 0.1369472182596291
13 0.7019438444924406 0.6226818830242511 0.06839452843772498 0.1340941512125535
13 0.6432685385169187 0.6205420827389444 0.0734341252699784 0.14265335235378032
13 0.5813534917206623 0.6255349500713266 0.06839452843772498 0.1383737517831669
13 0.5201583873290136 0.6298145506419401 0.06623470122390208 0.1340941512125535
13 0.4564434845212383 0.6326676176890157 0.06983441324694024 0.14122681883024252
13 0.3930885529157667 0.6355206847360912 0.06911447084233262 0.1398002853067047
13 0.9085673146148309 0.8837375178316691 0.07199424046076314 0.14265335235378032
13 0.8498920086393088 0.8873038516405135 0.06623470122390208 0.12981455064194009
13 0.7933765298776098 0.8930099857346647 0.06839452843772498 0.1355206847360913
13 0.7321814254859611 0.9001426533523538 0.07631389488840892 0.14835948644793154
13 0.6677465802735781 0.8930099857346647 0.07199424046076314 0.14265335235378032
13 0.6065514758819295 0.9051355206847361 0.0734341252699784 0.14693295292439373
13 0.35853131749460043 0.21469329529243938 0.07487401007919367 0.14550641940085593
13 0.24946004319654427 0.07275320970042796 0.07847372210223182 0.14550641940085593
13 0.21274298056155508 0.39158345221112695 0.08207343412526998 0.16119828815977175
13 0.10763138948884089 0.2574893009985735 0.08063354931605471 0.15834522111269614
13 0.05327573794096472 0.19258202567760344 0.07991360691144708 0.15691868758915833