11 0.5264227642276422 0.019536019536019536 0.08333333333333333 0.03907203907203907
11 0.5289634146341463 0.08363858363858363 0.07621951219512195 0.08913308913308914
11 0.5442073170731707 0.1862026862026862 0.07520325203252033 0.08791208791208792
11 0.5609756097560976 0.28815628815628813 0.07520325203252033 0.09035409035409035
11 0.5802845528455285 0.4017094017094017 0.07926829268292683 0.09401709401709402
11 0.3257113821138211 0.1111111111111111 0.07723577235772358 0.09035409035409035
11 0.3394308943089431 0.20207570207570208 0.07317073170731707 0.08791208791208792
11 0.3480691056910569 0.2893772893772894 0.07621951219512195 0.08913308913308914
11 0.366869918699187 0.3766788766788767 0.07723577235772358 0.0927960927960928
11 0.38109756097560976 0.4658119658119658 0.0741869918699187 0.08669108669108669
13 0.6229674796747967 0.5201465201465202 0.09959349593495935 0.1221001221001221
13 0.6407520325203252 0.6611721611721612 0.09654471544715447 0.115995115995116
13 0.3744918699186992 0.6324786324786325 0.10060975609756098 0.12087912087912088
13 0.24339430894308944 0.6245421245421245 0.11280487804878049 0.13675213675213677
13 0.26422764227642276 0.7777777777777778 0.11178861788617886 0.1343101343101343
14 0.7032520325203252 0.9383394383394383 0.14227642276422764 0.12332112332112333
14 0.42784552845528456 0.9291819291819292 0.1483739837398374 0.14163614163614163
14 0.17733739837398374 0.17032967032967034 0.1483739837398374 0.17704517704517705