11 0.13567073170731708 0.2313797313797314 0.07621951219512195 0.10012210012210013
11 0.20782520325203252 0.27411477411477414 0.0741869918699187 0.08180708180708181
11 0.29014227642276424 0.3058608058608059 0.07215447154471545 0.08180708180708181
11 0.37296747967479676 0.33516483516483514 0.07113821138211382 0.08547008547008547
11 0.4659552845528455 0.36874236874236876 0.07621951219512195 0.08791208791208792
11 0.13211382113821138 0.5024420024420024 0.0741869918699187 0.08302808302808302
11 0.20528455284552846 0.5305250305250305 0.06910569105691057 0.08302808302808302
11 0.2738821138211382 0.5622710622710623 0.07317073170731707 0.08180708180708181
11 0.3465447154471545 0.5830280830280831 0.07317073170731707 0.08669108669108669
11 0.4192073170731707 0.6098901098901099 0.07113821138211382 0.07814407814407814
13 0.5726626016260162 0.3791208791208791 0.09247967479674797 0.115995115995116
13 0.6844512195121951 0.4261294261294261 0.09044715447154472 0.10866910866910867
13 0.5386178861788617 0.6953601953601953 0.09451219512195122 0.11355311355311355
13 0.47103658536585363 0.8308913308913309 0.10569105691056911 0.12942612942612944
13 0.5929878048780488 0.8803418803418803 0.10467479674796748 0.12698412698412698
14 0.9334349593495935 0.5 0.133130081300813 0.1575091575091575
14 0.7952235772357723 0.7857142857142857 0.1402439024390244 0.16483516483516483
14 0.10619918699186992 0.688034188034188 0.14126016260162602 0.16605616605616605