11 0.5340447154471545 0.019536019536019536 0.08434959349593496 0.03907203907203907
11 0.5350609756097561 0.08424908424908426 0.07621951219512195 0.09035409035409035
11 0.5487804878048781 0.18681318681318682 0.07520325203252033 0.08913308913308914
11 0.5645325203252033 0.2893772893772894 0.07621951219512195 0.09157509157509157
11 0.5818089430894309 0.40354090354090355 0.07926829268292683 0.09523809523809523
11 0.3313008130081301 0.10744810744810745 0.07723577235772358 0.09035409035409035
11 0.3434959349593496 0.1984126984126984 0.0741869918699187 0.08791208791208792
11 0.3511178861788618 0.2863247863247863 0.07621951219512195 0.08913308913308914
11 0.36890243902439024 0.37362637362637363 0.07723577235772358 0.0927960927960928
11 0.38160569105691056 0.4633699633699634 0.0741869918699187 0.08669108669108669
13 0.6224593495934959 0.5225885225885226 0.10060975609756098 0.1221001221001221
13 0.6387195121951219 0.6642246642246642 0.09654471544715447 0.115995115995116
13 0.3724593495934959 0.63003663003663 0.10060975609756098 0.12087912087912088
13 0.241869918699187 0.6196581196581197 0.11382113821138211 0.13675213675213677
13 0.2601626016260163 0.7722832722832723 0.11178861788617886 0.1343101343101343
14 0.6971544715447154 0.9401709401709402 0.14227642276422764 0.11965811965811966
14 0.4217479674796748 0.9285714285714286 0.1483739837398374 0.14285714285714285
14 0.18191056910569106 0.16361416361416362 0.14939024390243902 0.17826617826617827