11 0.5566037735849056 0.053357314148681056 0.06839622641509434 0.07434052757793765
11 0.4994103773584906 0.1486810551558753 0.07193396226415094 0.07673860911270983
11 0.8018867924528302 0.16127098321342925 0.06367924528301887 0.07434052757793765
11 0.7494103773584906 0.24040767386091128 0.06839622641509434 0.07553956834532374
11 0.6987028301886793 0.3195443645083933 0.0695754716981132 0.07673860911270983
13 0.41332547169811323 0.23621103117505995 0.09433962264150944 0.09712230215827339
13 0.3419811320754717 0.3435251798561151 0.09433962264150944 0.09712230215827339
13 0.5925707547169812 0.5767386091127098 0.10613207547169812 0.10311750599520383
13 0.7470518867924528 0.6336930455635491 0.10849056603773585 0.11390887290167866
13 0.4846698113207547 0.7458033573141487 0.11438679245283019 0.09712230215827339
11 0.5760613207547169 0.8968824940047961 0.09316037735849056 0.06474820143884892
14 0.16568396226415094 0.6067146282973621 0.12382075471698113 0.12350119904076738
14 0.4097877358490566 0.8651079136690647 0.16863207547169812 0.15227817745803357