11 0.41037735849056606 0.05875299760191847 0.08608490566037735 0.08992805755395683
11 0.3873820754716981 0.16786570743405277 0.09080188679245282 0.09352517985611511
11 0.6768867924528302 0.07973621103117506 0.08136792452830188 0.08872901678657075
11 0.6527122641509434 0.1720623501199041 0.08608490566037735 0.09112709832134293
11 0.6297169811320755 0.2637889688249401 0.08844339622641509 0.09352517985611511
13 0.33372641509433965 0.2793764988009592 0.11674528301886793 0.11990407673860912
13 0.3001179245283019 0.4040767386091127 0.11674528301886793 0.11990407673860912
13 0.6120283018867925 0.5419664268585132 0.12971698113207547 0.12949640287769784
13 0.7765330188679245 0.5449640287769785 0.13561320754716982 0.14028776978417265
13 0.5642688679245284 0.737410071942446 0.13561320754716982 0.12589928057553956
11 0.6987028301886793 0.8501199040767387 0.10495283018867925 0.08992805755395683
14 0.21757075471698112 0.7116306954436451 0.15212264150943397 0.15347721822541965
14 0.53125 0.8752997601918465 0.2028301886792453 0.19544364508393286