11 0.8307783018867925 0.20083932853717026 0.09433962264150944 0.09592326139088729
11 0.7264150943396226 0.23441247002398083 0.09787735849056604 0.10071942446043165
11 0.9463443396226415 0.4460431654676259 0.09080188679245282 0.09352517985611511
11 0.8555424528301887 0.4706235011990408 0.09433962264150944 0.09712230215827339
11 0.7665094339622641 0.49640287769784175 0.09669811320754718 0.09952038369304557
13 0.6043632075471698 0.24280575539568344 0.12617924528301888 0.12829736211031176
13 0.48172169811320753 0.276378896882494 0.12617924528301888 0.12829736211031176
13 0.5200471698113207 0.6199040767386091 0.1391509433962264 0.14148681055155876
13 0.6002358490566038 0.7661870503597122 0.1474056603773585 0.1498800959232614
13 0.330188679245283 0.6756594724220624 0.14150943396226415 0.14028776978417265
11 0.30129716981132076 0.8501199040767387 0.10731132075471699 0.10311750599520383
14 0.1786556603773585 0.35731414868105515 0.16391509433962265 0.16666666666666666
14 0.1963443396226415 0.7152278177458034 0.21462264150943397 0.2146282973621103