11 0.6607669616519174 0.1276073619631902 0.05408062930186824 0.07975460122699386
11 0.6804326450344149 0.20613496932515338 0.05309734513274336 0.06993865030674846
11 0.7074729596853491 0.2871165644171779 0.051130776794493606 0.06257668711656442
11 0.7350049164208456 0.3674846625766871 0.05408062930186824 0.07607361963190185
11 0.5432645034414946 0.3361963190184049 0.05211406096361849 0.07239263803680981
13 0.8102261553588987 0.550920245398773 0.0727630285152409 0.09202453987730061
13 0.5304818092428711 0.7092024539877301 0.08161258603736479 0.1067484662576687
13 0.5712881022615536 0.8374233128834356 0.07669616519174041 0.09693251533742331
13 0.45476892822025566 0.46809815950920247 0.08652900688298919 0.10306748466257669
13 0.05555555555555555 0.5380368098159509 0.08652900688298919 0.1067484662576687
13 0.08652900688298919 0.6374233128834356 0.08456243854473942 0.11042944785276074
14 0.86086529006883 0.656441717791411 0.09734513274336283 0.11779141104294479
14 0.9031465093411996 0.7840490797546013 0.09341199606686332 0.11901840490797547
14 0.7271386430678466 0.9368098159509203 0.12094395280235988 0.1263803680981595
14 0.6814159292035398 0.843558282208589 0.10029498525073746 0.11533742331288344
14 0.6327433628318584 0.7012269938650306 0.10029498525073746 0.1263803680981595
14 0.4183874139626352 0.349079754601227 0.11504424778761062 0.1312883435582822
4 0.27974434611602755 0.07730061349693251 0.02753195673549656 0.03680981595092025