11 0.4488692232055064 0.08159509202453988 0.058997050147492625 0.0834355828220859
11 0.5019665683382497 0.1294478527607362 0.05604719764011799 0.0736196319018405
11 0.5634218289085545 0.17423312883435582 0.05408062930186824 0.06625766871165645
11 0.6238938053097345 0.21779141104294478 0.058997050147492625 0.07975460122699386
11 0.4557522123893805 0.3361963190184049 0.05604719764011799 0.07607361963190185
13 0.772369714847591 0.3079754601226994 0.0776794493608653 0.09815950920245399
13 0.6248770894788593 0.6441717791411042 0.08751229105211406 0.11288343558282209
13 0.7197640117994101 0.7159509202453987 0.08161258603736479 0.10306748466257669
13 0.4488692232055064 0.5085889570552147 0.09144542772861357 0.10920245398773006
13 0.16371681415929204 0.8644171779141104 0.09144542772861357 0.11411042944785275
13 0.2359882005899705 0.9202453987730062 0.09046214355948869 0.1165644171779141
14 0.8638151425762045 0.3539877300613497 0.10324483775811209 0.12515337423312883
14 0.9547689282202556 0.42392638036809815 0.09046214355948869 0.1263803680981595
14 0.8982300884955752 0.6877300613496933 0.1288102261553589 0.1607361963190184
14 0.8102261553588987 0.6380368098159509 0.10521140609636184 0.12392638036809817
14 0.7030481809242871 0.5607361963190184 0.10619469026548672 0.13374233128834356
14 0.36184857423795475 0.4404907975460123 0.12094395280235988 0.1411042944785276
4 0.119960668633235 0.3276073619631902 0.029498525073746312 0.03803680981595092