11 0.28515240904621436 0.17300613496932515 0.06096361848574238 0.08466257668711656
11 0.2782694198623402 0.25398773006134967 0.05801376597836775 0.07484662576687116
11 0.2640117994100295 0.34049079754601225 0.05604719764011799 0.0687116564417178
11 0.24926253687315633 0.4263803680981595 0.06096361848574238 0.08098159509202454
11 0.43215339233038347 0.349079754601227 0.05801376597836775 0.07730061349693251
13 0.2030481809242871 0.6239263803680981 0.07964601769911504 0.10061349693251534
13 0.5019665683382497 0.7122699386503067 0.09046214355948869 0.11533742331288344
13 0.48180924287118976 0.8484662576687116 0.08357915437561456 0.10552147239263804
13 0.539331366764995 0.4582822085889571 0.09341199606686332 0.11288343558282209
13 0.9419862340216323 0.43190184049079755 0.0943952802359882 0.1165644171779141
13 0.9267453294001966 0.5368098159509203 0.09341199606686332 0.12024539877300613
14 0.1696165191740413 0.7392638036809815 0.10521140609636184 0.12883435582822086
14 0.14749262536873156 0.8748466257668711 0.10226155358898721 0.13006134969325153
14 0.3456243854473943 0.9558282208588957 0.13274336283185842 0.08834355828220859
14 0.3746312684365782 0.8803680981595092 0.10816125860373647 0.1276073619631902
14 0.400196656833825 0.7294478527607362 0.10914454277286136 0.1374233128834356
14 0.5570304818092429 0.3325153374233129 0.12389380530973451 0.1460122699386503
4 0.6514257620452311 0.03251533742331288 0.03048180924287119 0.0392638036809816