17 0.2772946859903382 0.12332439678284182 0.11884057971014493 0.16353887399463807
17 0.3676328502415459 0.17761394101876676 0.11884057971014493 0.16085790884718498
17 0.45410628019323673 0.23927613941018766 0.11690821256038647 0.1581769436997319
17 0.538647342995169 0.3002680965147453 0.11497584541062802 0.1581769436997319
17 0.6246376811594203 0.3579088471849866 0.11400966183574879 0.1581769436997319
17 0.7130434782608696 0.4175603217158177 0.11594202898550725 0.15951742627345844
17 0.8927536231884058 0.5368632707774799 0.11690821256038647 0.15951742627345844
17 0.17004830917874397 0.36126005361930297 0.12753623188405797 0.17560321715817695
17 0.4454106280193237 0.5495978552278821 0.1285024154589372 0.1769436997319035
17 0.6309178743961352 0.6749329758713136 0.1246376811594203 0.17292225201072386
17 0.7207729468599033 0.732573726541555 0.12077294685990338 0.16353887399463807
17 0.8164251207729468 0.8029490616621984 0.12270531400966184 0.1648793565683646