17 0.8347826086956521 0.35254691689008044 0.09855072463768116 0.13672922252010725
17 0.7376811594202899 0.3297587131367292 0.10048309178743961 0.13270777479892762
17 0.6410628019323672 0.3156836461126005 0.09951690821256039 0.13002680965147453
17 0.5458937198067633 0.30294906166219837 0.0966183574879227 0.13002680965147453
17 0.45120772946859905 0.28619302949061665 0.09468599033816426 0.13136729222520108
17 0.3541062801932367 0.27010723860589814 0.09758454106280193 0.13136729222520108
17 0.15603864734299516 0.2339142091152815 0.09855072463768116 0.13136729222520108
17 0.8314009661835748 0.6327077747989276 0.1072463768115942 0.1447721179624665
17 0.5260869565217391 0.5831099195710456 0.1072463768115942 0.14611260053619302
17 0.3217391304347826 0.5482573726541555 0.10434782608695652 0.14343163538873996
17 0.22367149758454105 0.5281501340482574 0.10241545893719807 0.13404825737265416
17 0.11545893719806763 0.514745308310992 0.10434782608695652 0.13404825737265416