17 0.8053140096618358 0.2593833780160858 0.0966183574879227 0.13270777479892762
17 0.7067632850241546 0.26474530831099197 0.09758454106280193 0.128686327077748
17 0.6101449275362318 0.27949061662198393 0.0966183574879227 0.1260053619302949
17 0.5154589371980677 0.29423592493297585 0.09371980676328502 0.12734584450402145
17 0.42028985507246375 0.3049597855227882 0.09178743961352658 0.12734584450402145
17 0.32270531400966185 0.31702412868632707 0.09468599033816426 0.128686327077748
17 0.12367149758454106 0.339142091152815 0.09565217391304348 0.12734584450402145
17 0.8439613526570048 0.5341823056300268 0.10434782608695652 0.14075067024128687
17 0.5381642512077295 0.5737265415549598 0.10434782608695652 0.14209115281501342
17 0.3323671497584541 0.5985254691689008 0.10144927536231885 0.13941018766756033
17 0.23381642512077294 0.6072386058981233 0.09951690821256039 0.13002680965147453
17 0.12608695652173912 0.6253351206434317 0.10144927536231885 0.13002680965147453