17 0.9679389312977099 0.497972972972973 0.06412213740458016 0.11486486486486487
17 0.716412213740458 0.7952702702702703 0.07251908396946564 0.12567567567567567
17 0.6583969465648855 0.9621621621621622 0.06946564885496183 0.07567567567567568
17 0.6202290076335878 0.7006756756756757 0.0717557251908397 0.12567567567567567
17 0.5610687022900763 0.8844594594594595 0.07251908396946564 0.13243243243243244
17 0.5122137404580153 0.8304054054054054 0.07099236641221374 0.12702702702702703
17 0.45916030534351143 0.7810810810810811 0.07251908396946564 0.12972972972972974
17 0.5744274809160306 0.6425675675675676 0.06717557251908397 0.11891891891891893
17 0.5202290076335878 0.5925675675675676 0.07251908396946564 0.12702702702702703
2 0.2416030534351145 0.595945945945946 0.06412213740458016 0.11486486486486487
2 0.09312977099236641 0.5405405405405406 0.06564885496183206 0.12432432432432433
2 0.07748091603053435 0.41216216216216217 0.06259541984732825 0.11486486486486487
5 0.35954198473282445 0.377027027027027 0.06412213740458016 0.11486486486486487
5 0.26641221374045804 0.3277027027027027 0.06259541984732825 0.11216216216216217
5 0.1916030534351145 0.5425675675675675 0.061068702290076333 0.11216216216216217
5 0.055725190839694655 0.30743243243243246 0.0648854961832061 0.11486486486486487