17 0.7713740458015267 0.44594594594594594 0.06870229007633588 0.11756756756756757
17 0.8057251908396946 0.6567567567567567 0.0648854961832061 0.12027027027027028
17 0.6652671755725191 0.4966216216216216 0.06793893129770992 0.11891891891891893
17 0.6946564885496184 0.7013513513513514 0.06793893129770992 0.12567567567567567
17 0.6381679389312978 0.7222972972972973 0.06717557251908397 0.12027027027027028
17 0.5809160305343511 0.7527027027027027 0.06793893129770992 0.12297297297297298
17 0.6095419847328244 0.5108108108108108 0.0633587786259542 0.11216216216216217
17 0.5511450381679389 0.5418918918918919 0.06870229007633588 0.12027027027027028
2 0.3519083969465649 0.8864864864864865 0.06030534351145038 0.10810810810810811
2 0.22290076335877862 0.9851351351351352 0.061068702290076333 0.02972972972972973
2 0.16145038167938933 0.9513513513513514 0.05877862595419847 0.0972972972972973
5 0.35076335877862597 0.5844594594594594 0.06030534351145038 0.10810810810810811
5 0.2641221374045801 0.6635135135135135 0.05877862595419847 0.10540540540540541
5 0.29465648854961835 0.9101351351351351 0.05648854961832061 0.10675675675675676
5 0.1049618320610687 0.9074324324324324 0.061068702290076333 0.10810810810810811