17 0.09694656488549619 0.07027027027027027 0.05801526717557252 0.0891891891891892
17 0.22862595419847329 0.5554054054054054 0.06030534351145038 0.1
17 0.22213740458015266 0.7743243243243243 0.0549618320610687 0.10405405405405406
17 0.3385496183206107 0.5628378378378378 0.05877862595419847 0.10135135135135136
17 0.33587786259541985 0.7736486486486487 0.05725190839694656 0.10945945945945947
17 0.3935114503816794 0.7716216216216216 0.05725190839694656 0.10405405405405406
17 0.4534351145038168 0.7783783783783784 0.05801526717557252 0.10675675675675676
17 0.3946564885496183 0.5540540540540541 0.0549618320610687 0.0972972972972973
17 0.45572519083969465 0.5608108108108109 0.059541984732824425 0.10270270270270271
2 0.6935114503816794 0.8175675675675675 0.05114503816793893 0.09324324324324325
2 0.8370229007633587 0.9054054054054054 0.050381679389312976 0.10540540540540541
2 0.8877862595419848 0.8101351351351351 0.04961832061068702 0.0945945945945946
5 0.6561068702290076 0.522972972972973 0.05114503816793893 0.09324324324324325
5 0.750381679389313 0.5655405405405406 0.04961832061068702 0.0918918918918919
5 0.7522900763358779 0.8175675675675675 0.04732824427480916 0.0945945945945946
5 0.9366412213740458 0.7398648648648649 0.051908396946564885 0.09324324324324325