18 0.29444861215303825 0.4559620596205962 0.07051762940735183 0.13279132791327913
18 0.21192798199549887 0.5338753387533876 0.06976744186046512 0.12872628726287264
18 0.09114778694673668 0.6720867208672087 0.072768192048012 0.13279132791327913
18 0.38484621155288823 0.6754742547425474 0.07201800450112528 0.13414634146341464
17 0.17329332333083272 0.926829268292683 0.06601650412603151 0.10840108401084012
17 0.6260315078769693 0.4186991869918699 0.06451612903225806 0.0948509485094851
2 0.7149287321830458 0.4640921409214092 0.0555138784696174 0.0948509485094851
5 0.8833458364591148 0.1111111111111111 0.05026256564141035 0.0921409214092141
5 0.8413353338334584 0.15921409214092141 0.047261815453863466 0.09078590785907859
5 0.7839459864966242 0.1842818428184282 0.05026256564141035 0.0921409214092141
5 0.7363090772693174 0.2669376693766938 0.05476369092273068 0.09078590785907859
11 0.6830457614403601 0.34959349593495936 0.04876219054763691 0.07859078590785908
5 0.5018754688672168 0.8326558265582655 0.051762940735183796 0.09078590785907859
5 0.5543885971492873 0.497289972899729 0.05251312828207052 0.08536585365853659