18 0.3057014253563391 0.6294037940379403 0.0900225056264066 0.16531165311653118
18 0.2516879219804951 0.766260162601626 0.08852213053263316 0.16124661246612465
18 0.17854463615903976 0.9525745257452575 0.09152288072018004 0.0948509485094851
18 0.4418604651162791 0.7506775067750677 0.09152288072018004 0.16666666666666666
17 0.5918979744936234 0.3245257452574526 0.07576894223555888 0.13008130081300814
2 0.6822955738934734 0.29200542005420055 0.06826706676669167 0.12195121951219512
5 0.6732933233308327 0.02168021680216802 0.06376594148537135 0.04336043360433604
5 0.6519129782445612 0.0989159891598916 0.06676669167291822 0.11788617886178862
11 0.6252813203300825 0.21544715447154472 0.05926481620405101 0.10298102981029811
5 0.5855213803450863 0.7947154471544715 0.06451612903225806 0.11517615176151762
5 0.5480120030007501 0.45257452574525747 0.06376594148537135 0.11246612466124661