18 0.6635408852213053 0.27100271002710025 0.08627156789197299 0.15853658536585366
18 0.7565641410352588 0.260840108401084 0.08477119279819954 0.15447154471544716
18 0.8998499624906227 0.2669376693766938 0.08777194298574643 0.15989159891598917
18 0.6485371342835708 0.5440379403794038 0.08777194298574643 0.15989159891598917
17 0.9017254313578394 0.5623306233062331 0.07801950487621906 0.13414634146341464
17 0.3687171792948237 0.5481029810298103 0.07426856714178545 0.12195121951219512
2 0.3057014253563391 0.6686991869918699 0.06601650412603151 0.11653116531165311
5 0.060765191297824456 0.5230352303523035 0.060765191297824456 0.1111111111111111
5 0.11027756939234809 0.5257452574525745 0.05776444111027757 0.1070460704607046
5 0.16654163540885222 0.49390243902439024 0.060765191297824456 0.1111111111111111
5 0.23105776444111029 0.5203252032520326 0.06451612903225806 0.11246612466124661
11 0.30007501875468867 0.5413279132791328 0.05701425356339085 0.0975609756097561
5 0.5930232558139535 0.7872628726287263 0.0622655663915979 0.1111111111111111
5 0.45236309077269315 0.5481029810298103 0.06151537884471118 0.1070460704607046