5 0.9534995206136145 0.5491400491400491 0.09300095877277086 0.11793611793611794
5 0.9017257909875359 0.6216216216216216 0.10067114093959731 0.12776412776412777
5 0.1040268456375839 0.2285012285012285 0.087248322147651 0.11302211302211303
17 0.7799616490891659 0.941031941031941 0.10834132310642378 0.11793611793611794
17 0.7171620325982742 0.8814496314496314 0.11025886864813039 0.14250614250614252
17 0.5896452540747843 0.7463144963144963 0.10450623202301054 0.13513513513513514
17 0.5263662511984659 0.6762899262899262 0.10834132310642378 0.13882063882063883
17 0.39932885906040266 0.5386977886977887 0.10546500479386385 0.13513513513513514
17 0.3302972195589645 0.46621621621621623 0.10834132310642378 0.13882063882063883
17 0.475071907957814 0.9305896805896806 0.10738255033557047 0.13882063882063883
17 0.40939597315436244 0.8611793611793612 0.11217641418983701 0.14619164619164618
17 0.3451581975071908 0.792997542997543 0.1112176414189837 0.14250614250614252
17 0.2794822627037392 0.7205159705159705 0.1112176414189837 0.14373464373464373
17 0.20949185043144775 0.6474201474201474 0.10930009587727708 0.14127764127764128
2 0.14477468839884947 0.5749385749385749 0.10642377756471716 0.13636363636363635