5 0.04554170661553212 0.5085995085995086 0.09108341323106424 0.11547911547911548
5 0.09300095877277086 0.5853808353808354 0.0987535953978907 0.12530712530712532
5 0.909875359539789 0.26474201474201475 0.0862895493767977 0.11056511056511056
17 0.1955896452540748 0.9256756756756757 0.10642377756471716 0.1375921375921376
17 0.2622243528283797 0.8611793611793612 0.10834132310642378 0.14004914004914004
17 0.3974113135186961 0.7377149877149877 0.10258868648130393 0.1339066339066339
17 0.46404602109300097 0.6732186732186732 0.10642377756471716 0.1375921375921376
17 0.5987535953978907 0.547911547911548 0.10354745925215723 0.13267813267813267
17 0.6711409395973155 0.48157248157248156 0.10642377756471716 0.1375921375921376
17 0.50143815915628 0.9318181818181818 0.10546500479386385 0.13636363636363635
17 0.5704697986577181 0.8685503685503686 0.1112176414189837 0.14373464373464373
17 0.638542665388303 0.8065110565110565 0.10930009587727708 0.14127764127764128
17 0.7080536912751678 0.7395577395577395 0.11025886864813039 0.14250614250614252
17 0.7813998082454459 0.6726044226044227 0.10738255033557047 0.14004914004914004
2 0.850431447746884 0.6062653562653563 0.10546500479386385 0.1339066339066339