5 0.9539789069990412 0.5178132678132679 0.09204218600191755 0.1167076167076167
5 0.9060402684563759 0.5945945945945946 0.09971236816874401 0.12530712530712532
5 0.0934803451581975 0.25552825552825553 0.0862895493767977 0.11179361179361179
17 0.7981783317353787 0.9312039312039312 0.10642377756471716 0.1375921375921376
17 0.7325023969319271 0.8667076167076168 0.10930009587727708 0.14127764127764128
17 0.5992329817833174 0.7401719901719902 0.10354745925215723 0.1339066339066339
17 0.5335570469798657 0.6744471744471745 0.10738255033557047 0.1375921375921376
17 0.40076701821668265 0.5454545454545454 0.10354745925215723 0.1339066339066339
17 0.3288590604026846 0.47788697788697787 0.10738255033557047 0.1375921375921376
17 0.49232981783317353 0.9312039312039312 0.10642377756471716 0.1375921375921376
17 0.4242569511025887 0.8667076167076168 0.1112176414189837 0.14496314496314497
17 0.35714285714285715 0.8028255528255528 0.11025886864813039 0.14127764127764128
17 0.28859060402684567 0.7352579852579852 0.11025886864813039 0.14250614250614252
17 0.2162032598274209 0.6664619164619164 0.10834132310642378 0.14004914004914004
2 0.14813039309683604 0.5982800982800983 0.10546500479386385 0.13513513513513514