17 0.0693033381712627 0.7927007299270074 0.06313497822931785 0.12554744525547445
17 0.11719883889695211 0.7554744525547445 0.061683599419448475 0.12408759124087591
17 0.16618287373004353 0.718978102189781 0.06095791001451379 0.11970802919708029
17 0.21262699564586357 0.6810218978102189 0.059506531204644414 0.12408759124087591
17 0.25834542815674894 0.6481751824817519 0.0602322206095791 0.12554744525547445
17 0.3062409288824383 0.6102189781021898 0.06095791001451379 0.12700729927007298
17 0.35413642960812775 0.5766423357664233 0.06095791001451379 0.12992700729927006
17 0.40493468795355586 0.5394160583941606 0.06095791001451379 0.12700729927007298
17 0.45101596516690856 0.5021897810218978 0.06313497822931785 0.12700729927007298
17 0.1995645863570392 0.9343065693430657 0.061683599419448475 0.12408759124087591
17 0.24782293178519593 0.8948905109489051 0.0602322206095791 0.11970802919708029
17 0.2960812772133527 0.8532846715328467 0.06313497822931785 0.12992700729927006
17 0.3443396226415094 0.8248175182481752 0.062409288824383166 0.12846715328467154
17 0.3911465892597968 0.7854014598540145 0.06095791001451379 0.12700729927007298
17 0.4426705370101596 0.7452554744525547 0.06386066763425254 0.13576642335766423
17 0.4923802612481858 0.7153284671532847 0.061683599419448475 0.12846715328467154
5 0.8896952104499274 0.2956204379562044 0.057329462989840346 0.12116788321167883
5 0.9125544267053701 0.10583941605839416 0.054426705370101594 0.11094890510948906