17 0.747822931785196 0.033576642335766425 0.0660377358490566 0.06715328467153285
17 0.7108127721335269 0.06715328467153285 0.0660377358490566 0.13284671532846715
17 0.6756168359941945 0.1343065693430657 0.06676342525399129 0.13576642335766423
17 0.637155297532656 0.2029197080291971 0.06748911465892599 0.13576642335766423
17 0.6001451378809869 0.272992700729927 0.06821480406386067 0.1386861313868613
17 0.5605950653120464 0.34744525547445254 0.06821480406386067 0.13722627737226278
17 0.52322206095791 0.4131386861313869 0.06894049346879536 0.1386861313868613
17 0.8287373004354136 0.1591240875912409 0.06748911465892599 0.13576642335766423
17 0.7895500725689405 0.227007299270073 0.06531204644412192 0.13138686131386862
17 0.7492743105950653 0.2948905109489051 0.06966618287373004 0.14014598540145987
17 0.7144412191582002 0.3686131386861314 0.06894049346879536 0.1386861313868613
17 0.6759796806966618 0.43503649635036495 0.06821480406386067 0.13722627737226278
17 0.6346153846153846 0.5087591240875913 0.07184325108853411 0.14452554744525548
17 0.5986937590711175 0.5846715328467154 0.06821480406386067 0.1386861313868613