17 0.9510159651669086 0.38321167883211676 0.05297532656023222 0.10510948905109489
17 0.8994920174165457 0.39197080291970804 0.05224963715529753 0.10510948905109489
17 0.8476052249637155 0.4021897810218978 0.05152394775036284 0.10072992700729927
17 0.7975326560232221 0.40948905109489053 0.04934687953555878 0.10510948905109489
17 0.7496371552975326 0.42043795620437957 0.050072568940493466 0.10656934306569343
17 0.6984760522496372 0.42846715328467155 0.050072568940493466 0.10802919708029197
17 0.647677793904209 0.4401459854014598 0.050072568940493466 0.11094890510948906
17 0.5939767779390421 0.4510948905109489 0.05079825834542816 0.10802919708029197
17 0.5446298984034833 0.4583941605839416 0.05297532656023222 0.10656934306569343
17 0.8646589259796807 0.6255474452554745 0.05224963715529753 0.10510948905109489
17 0.8127721335268505 0.6328467153284671 0.05079825834542816 0.09927007299270073
17 0.7601596516690856 0.637956204379562 0.05224963715529753 0.10948905109489052
17 0.7108127721335269 0.6547445255474452 0.05224963715529753 0.10802919708029197
17 0.6600145137880987 0.6605839416058394 0.05079825834542816 0.10802919708029197
17 0.6048621190130624 0.67007299270073 0.05224963715529753 0.11532846715328467
17 0.5537010159651669 0.6868613138686132 0.05152394775036284 0.10802919708029197
5 0.10522496371552975 0.6598540145985401 0.04716981132075472 0.10364963503649635
5 0.043178519593613934 0.5094890510948905 0.04499274310595065 0.0948905109489051