13 0.453551912568306 0.18579234972677597 0.06420765027322405 0.06557377049180328
13 0.42418032786885246 0.2506830601092896 0.06557377049180328 0.06147540983606557
13 0.39617486338797814 0.3155737704918033 0.06693989071038252 0.06693989071038252
13 0.36885245901639346 0.38046448087431695 0.05874316939890711 0.06147540983606557
13 0.3360655737704918 0.44398907103825136 0.06147540983606557 0.060109289617486336
13 0.31010928961748635 0.5075136612021858 0.06284153005464481 0.06420765027322405
13 0.5860655737704918 0.27049180327868855 0.06420765027322405 0.060109289617486336
13 0.5560109289617486 0.3326502732240437 0.06284153005464481 0.06284153005464481
13 0.4719945355191257 0.5252732240437158 0.06420765027322405 0.06284153005464481
13 0.44398907103825136 0.5908469945355191 0.06147540983606557 0.06147540983606557
13 0.41325136612021857 0.6543715846994536 0.06557377049180328 0.06284153005464481
13 0.38456284153005466 0.717896174863388 0.06420765027322405 0.06147540983606557
13 0.3572404371584699 0.7800546448087432 0.06420765027322405 0.060109289617486336
13 0.5683060109289617 0.912568306010929 0.07103825136612021 0.07923497267759563
13 0.3989071038251366 0.9480874316939891 0.07103825136612021 0.07240437158469945