13 0.45901639344262296 0.18510928961748635 0.06284153005464481 0.06557377049180328
13 0.42827868852459017 0.24931693989071038 0.06420765027322405 0.060109289617486336
13 0.39959016393442626 0.3135245901639344 0.06557377049180328 0.06557377049180328
13 0.3709016393442623 0.37841530054644806 0.05874316939890711 0.060109289617486336
13 0.337431693989071 0.4405737704918033 0.060109289617486336 0.060109289617486336
13 0.31010928961748635 0.5040983606557377 0.06284153005464481 0.06420765027322405
13 0.5901639344262295 0.2718579234972678 0.06284153005464481 0.060109289617486336
13 0.5587431693989071 0.33401639344262296 0.06284153005464481 0.06284153005464481
13 0.4713114754098361 0.5245901639344263 0.06420765027322405 0.06284153005464481
13 0.44193989071038253 0.5894808743169399 0.06147540983606557 0.06147540983606557
13 0.4105191256830601 0.6530054644808743 0.06557377049180328 0.06147540983606557
13 0.38046448087431695 0.7158469945355191 0.06420765027322405 0.06147540983606557
13 0.3524590163934426 0.7773224043715847 0.06284153005464481 0.060109289617486336
13 0.5607923497267759 0.9139344262295082 0.06967213114754098 0.0778688524590164
13 0.3907103825136612 0.9460382513661202 0.06967213114754098 0.07103825136612021