13 0.5894808743169399 0.1953551912568306 0.06967213114754098 0.07240437158469945
13 0.6099726775956285 0.26366120218579236 0.07103825136612021 0.06693989071038252
13 0.6284153005464481 0.3312841530054645 0.07240437158469945 0.07240437158469945
13 0.6468579234972678 0.40027322404371585 0.06557377049180328 0.06693989071038252
13 0.6700819672131147 0.4672131147540984 0.06693989071038252 0.06693989071038252
13 0.6871584699453552 0.5334699453551912 0.06967213114754098 0.07103825136612021
13 0.44603825136612024 0.2609289617486339 0.06967213114754098 0.06693989071038252
13 0.46789617486338797 0.32650273224043713 0.06967213114754098 0.06967213114754098
13 0.5245901639344263 0.5286885245901639 0.07103825136612021 0.06967213114754098
13 0.5430327868852459 0.5976775956284153 0.06693989071038252 0.06693989071038252
13 0.5642076502732241 0.6646174863387978 0.07103825136612021 0.06830601092896176
13 0.5840163934426229 0.7315573770491803 0.06967213114754098 0.06830601092896176
13 0.6024590163934426 0.7971311475409836 0.06967213114754098 0.06693989071038252
13 0.375 0.8989071038251366 0.07923497267759563 0.08469945355191257
13 0.537568306010929 0.9576502732240437 0.0778688524590164 0.07923497267759563