4 0.8341625207296849 0.9402173913043478 0.06467661691542288 0.11956521739130435
4 0.7860696517412935 0.8695652173913043 0.06135986733001658 0.12422360248447205
4 0.7342454394693201 0.796583850931677 0.06053067993366501 0.12111801242236025
4 0.6832504145936982 0.7236024844720497 0.05970149253731343 0.11956521739130435
4 0.632669983416252 0.6529503105590062 0.06218905472636816 0.12111801242236025
6 0.5808457711442786 0.5830745341614907 0.05887230514096186 0.11645962732919254
6 0.5294361525704809 0.5124223602484472 0.06053067993366501 0.11801242236024845
4 0.2802653399668325 0.3113354037267081 0.06467661691542288 0.12267080745341614
4 0.2330016583747927 0.24301242236024845 0.06550580431177445 0.12422360248447205
4 0.18490878938640132 0.18167701863354038 0.06716417910447761 0.13043478260869565
4 0.1384742951907131 0.11024844720496894 0.06218905472636816 0.11801242236024845