4 0.8250414593698175 0.04736024844720497 0.06467661691542288 0.09472049689440994
4 0.7723880597014925 0.09627329192546584 0.06135986733001658 0.12422360248447205
4 0.7197346600331676 0.1669254658385093 0.06053067993366501 0.12111801242236025
4 0.6674958540630183 0.2375776397515528 0.05887230514096186 0.11956521739130435
4 0.6169154228855721 0.30745341614906835 0.06135986733001658 0.12111801242236025
6 0.5659203980099502 0.3796583850931677 0.05804311774461028 0.11645962732919254
6 0.5149253731343284 0.45108695652173914 0.05970149253731343 0.11801242236024845
4 0.33955223880597013 0.8385093167701864 0.06467661691542288 0.12267080745341614
4 0.2906301824212272 0.9029503105590062 0.06467661691542288 0.12267080745341614
4 0.24502487562189054 0.952639751552795 0.06716417910447761 0.09472049689440994
4 0.19527363184079602 0.9868012422360248 0.06218905472636816 0.026397515527950312