13 0.9797872340425532 0.31861012956419316 0.04042553191489362 0.09540636042402827
13 0.9218085106382978 0.2656065959952886 0.09468085106382979 0.10836277974087162
13 0.8361702127659575 0.2332155477031802 0.09574468085106383 0.10954063604240283
13 0.9319148936170213 0.4929328621908127 0.08723404255319149 0.0989399293286219
13 0.85 0.44287396937573614 0.10425531914893617 0.1166077738515901
13 0.8643617021276596 0.6643109540636042 0.08936170212765958 0.10482921083627797
13 0.698936170212766 0.5789163722025913 0.1 0.1166077738515901
13 0.7095744680851064 0.7915194346289752 0.10212765957446808 0.1166077738515901
13 0.725 0.9799764428739693 0.08829787234042553 0.04004711425206125
13 0.5574468085106383 0.9293286219081273 0.10106382978723404 0.12014134275618374
13 0.1276595744680851 0.47762073027090696 0.09787234042553192 0.1071849234393404
13 0.04893617021276596 0.6554770318021201 0.09787234042553192 0.11189634864546526
13 0.02925531914893617 0.7455830388692579 0.05851063829787234 0.11071849234393404
11 0.09361702127659574 0.5712603062426383 0.06063829787234042 0.07891637220259129