13 0.9335106382978723 0.16431095406360424 0.07340425531914893 0.07891637220259129
13 0.8420212765957447 0.13957597173144876 0.07872340425531915 0.09187279151943463
13 0.7510638297872341 0.13604240282685512 0.07872340425531915 0.09422850412249706
13 0.9111702127659574 0.35335689045936397 0.07127659574468086 0.08362779740871613
13 0.8196808510638298 0.33156654888103654 0.08723404255319149 0.0977620730270907
13 0.8920212765957447 0.5388692579505301 0.07340425531914893 0.0895170789163722
13 0.7111702127659575 0.5111896348645465 0.08191489361702127 0.10011778563015312
13 0.777127659574468 0.7108362779740872 0.0851063829787234 0.0989399293286219
13 0.850531914893617 0.9181389870435807 0.07127659574468086 0.09187279151943463
13 0.6680851063829787 0.892226148409894 0.08085106382978724 0.10482921083627797
13 0.13829787234042554 0.598939929328622 0.08297872340425531 0.0895170789163722
13 0.10904255319148937 0.7950530035335689 0.0851063829787234 0.09305064782096584
13 0.09574468085106383 0.8939929328621908 0.08404255319148936 0.09305064782096584
11 0.13031914893617022 0.6996466431095406 0.04680851063829787 0.071849234393404