13 0.01276595744680851 0.38869257950530034 0.02553191489361702 0.0989399293286219
13 0.05531914893617021 0.3244994110718492 0.1 0.11189634864546526
13 0.13670212765957446 0.28032979976442873 0.10106382978723404 0.11425206124852769
13 0.07074468085106383 0.5512367491166078 0.09042553191489362 0.10247349823321555
13 0.14627659574468085 0.48998822143698467 0.10851063829787234 0.12131919905771496
13 0.15638297872340426 0.7120141342756183 0.09468085106382979 0.10836277974087162
13 0.31117021276595747 0.6054181389870436 0.10531914893617021 0.12014134275618374
13 0.32393617021276594 0.8180212014134276 0.1074468085106383 0.12131919905771496
13 0.49042553191489363 0.934040047114252 0.10638297872340426 0.12367491166077739
13 0.8670212765957447 0.4275618374558304 0.10212765957446808 0.11189634864546526
13 0.9563829787234043 0.5930506478209658 0.08723404255319149 0.1166077738515901
13 0.9808510638297873 0.6772673733804476 0.03829787234042553 0.1154299175500589
11 0.9111702127659574 0.5159010600706714 0.06489361702127659 0.0800942285041225