5 0.6079545454545454 0.3225806451612903 0.06287878787878788 0.11290322580645161
5 0.5965909090909091 0.4375 0.06515151515151515 0.11693548387096774
5 0.459469696969697 0.37836021505376344 0.06666666666666667 0.12096774193548387
5 0.4420454545454545 0.4946236559139785 0.06439393939393939 0.11424731182795698
5 0.4246212121212121 0.6088709677419355 0.06515151515151515 0.11559139784946236
5 0.4106060606060606 0.7278225806451613 0.06439393939393939 0.11424731182795698
5 0.5481060606060606 0.7856182795698925 0.06287878787878788 0.11155913978494623
5 0.5348484848484848 0.9092741935483871 0.06666666666666667 0.11559139784946236
5 0.5060606060606061 0.9818548387096774 0.06212121212121212 0.036290322580645164
5 0.36287878787878786 0.9852150537634409 0.06363636363636363 0.02956989247311828
5 0.2962121212121212 0.9717741935483871 0.06363636363636363 0.056451612903225805
5 0.2321969696969697 0.9556451612903226 0.0659090909090909 0.08870967741935484
5 0.1696969696969697 0.9422043010752689 0.06363636363636363 0.11559139784946236
5 0.1053030303030303 0.9032258064516129 0.06363636363636363 0.11155913978494623