5 0.011742424242424242 0.44018817204301075 0.023484848484848483 0.10349462365591398
5 0.05454545454545454 0.4825268817204301 0.059848484848484845 0.10349462365591398
5 0.3571969696969697 0.5638440860215054 0.06060606060606061 0.10887096774193548
5 0.4178030303030303 0.6095430107526881 0.06287878787878788 0.11290322580645161
5 0.4647727272727273 0.3736559139784946 0.06363636363636363 0.11693548387096774
5 0.5287878787878788 0.4106182795698925 0.06136363636363636 0.11021505376344086
5 0.5928030303030303 0.4469086021505376 0.06287878787878788 0.11155913978494623
5 0.656439393939394 0.4905913978494624 0.06212121212121212 0.11021505376344086
5 0.6090909090909091 0.7271505376344086 0.06060606060606061 0.10752688172043011
5 0.6746212121212121 0.7748655913978495 0.06515151515151515 0.11021505376344086
5 0.7420454545454546 0.7923387096774194 0.06060606060606061 0.10483870967741936
5 0.8242424242424242 0.5846774193548387 0.06136363636363636 0.11155913978494623
5 0.8469696969696969 0.46975806451612906 0.06136363636363636 0.10752688172043011
5 0.8678030303030303 0.3575268817204301 0.06363636363636363 0.11155913978494623
5 0.8893939393939394 0.25 0.06136363636363636 0.11290322580645161
5 0.9056818181818181 0.13239247311827956 0.06136363636363636 0.10752688172043011