5 0.8541666666666666 0.03293010752688172 0.05378787878787879 0.06586021505376344
5 0.6367424242424242 0.4025537634408602 0.05378787878787879 0.09543010752688172
5 0.603030303030303 0.5026881720430108 0.055303030303030305 0.10080645161290322
5 0.48674242424242425 0.36088709677419356 0.055303030303030305 0.10483870967741936
5 0.44734848484848483 0.4576612903225806 0.05454545454545454 0.09811827956989247
5 0.4075757575757576 0.553763440860215 0.05606060606060606 0.09811827956989247
5 0.3704545454545455 0.6559139784946236 0.055303030303030305 0.09811827956989247
5 0.4871212121212121 0.7977150537634409 0.05303030303030303 0.09408602150537634
5 0.44962121212121214 0.9038978494623656 0.058333333333333334 0.09543010752688172
5 0.4011363636363636 0.9711021505376344 0.05378787878787879 0.05779569892473118
5 0.265530303030303 0.9065860215053764 0.05303030303030303 0.09946236559139784
5 0.20946969696969697 0.8373655913978495 0.05378787878787879 0.09543010752688172
5 0.15492424242424244 0.7681451612903226 0.056818181818181816 0.09811827956989247
5 0.10227272727272728 0.7036290322580645 0.05303030303030303 0.10080645161290322
5 0.05 0.6256720430107527 0.05454545454545454 0.09408602150537634