5 0.1045589692765114 0.19901719901719903 0.0802775024777007 0.09213759213759214
5 0.20317145688800792 0.42321867321867324 0.08126858275520317 0.08845208845208845
5 0.2547076313181368 0.538083538083538 0.08126858275520317 0.09213759213759214
5 0.3022794846382557 0.6504914004914005 0.08126858275520317 0.09213759213759214
5 0.3533201189296333 0.7635135135135135 0.08622398414271557 0.09213759213759214
5 0.4182358771060456 0.8617936117936118 0.08820614469772052 0.10073710073710074
5 0.9103072348860257 0.6105651105651105 0.08126858275520317 0.10319410319410319
5 0.4449950445986125 0.4004914004914005 0.08622398414271557 0.10073710073710074
5 0.3929633300297324 0.28501228501228504 0.07928642220019821 0.09705159705159705
5 0.3404360753221011 0.17383292383292384 0.0802775024777007 0.09336609336609336
5 0.2943508424182359 0.05958230958230958 0.08721506442021804 0.09828009828009827