5 0.8825569871159564 0.17383292383292384 0.08325074331020813 0.09705159705159705
5 0.7933597621407334 0.40417690417690416 0.08424182358771061 0.09213759213759214
5 0.7467789890981169 0.5221130221130221 0.08424182358771061 0.09582309582309582
5 0.7036669970267592 0.6375921375921376 0.08424182358771061 0.09582309582309582
5 0.6575817641228939 0.7536855036855037 0.08919722497522299 0.09705159705159705
5 0.5971258671952429 0.8562653562653563 0.09117938553022795 0.10565110565110565
5 0.09464816650148662 0.6369778869778869 0.08424182358771061 0.10810810810810811
5 0.5505450941526263 0.3974201474201474 0.08919722497522299 0.10565110565110565
5 0.597621407333994 0.27825552825552824 0.08225966303270565 0.10073710073710074
5 0.645193260654113 0.16400491400491402 0.08325074331020813 0.09828009828009827
5 0.6863230921704658 0.04914004914004914 0.09018830525272548 0.09828009828009827