5 0.04261645193260654 0.4146191646191646 0.08523290386521308 0.10442260442260443
5 0.2026759167492567 0.5730958230958231 0.08820614469772052 0.09950859950859951
5 0.2859266600594648 0.6541769041769042 0.08919722497522299 0.10319410319410319
5 0.3657086223984143 0.7346437346437347 0.08919722497522299 0.10319410319410319
5 0.44846382556987113 0.8138820638820639 0.09415262636273539 0.10442260442260443
5 0.5386521308225967 0.8728501228501229 0.09712586719524281 0.11302211302211303
5 0.9127849355797819 0.40294840294840295 0.09018830525272548 0.11425061425061425
5 0.4182358771060456 0.4355036855036855 0.09514370664023786 0.11302211302211303
5 0.33349851337958375 0.3538083538083538 0.08820614469772052 0.10810810810810811
5 0.2502477700693756 0.27702702702702703 0.08820614469772052 0.10442260442260443
5 0.17195242814667988 0.1941031941031941 0.09514370664023786 0.11056511056511056