13 0.8422693266832918 0.2665876777251185 0.15087281795511223 0.14454976303317535
13 0.6596009975062345 0.466824644549763 0.15211970074812967 0.14336492890995262
13 0.7394014962593516 0.16587677725118483 0.1658354114713217 0.15876777251184834
13 0.5529925187032418 0.36729857819905215 0.17206982543640897 0.16350710900473933
13 0.4445137157107232 0.27606635071090047 0.1745635910224439 0.16587677725118483
13 0.263715710723192 0.471563981042654 0.16957605985037408 0.1623222748815166
13 0.3721945137157107 0.5622037914691943 0.1658354114713217 0.15876777251184834
13 0.4769326683291771 0.6646919431279621 0.15835411471321695 0.15165876777251186
13 0.3011221945137157 0.8690758293838863 0.1633416458852868 0.15639810426540285
13 0.1882793017456359 0.7701421800947867 0.17830423940149626 0.17061611374407584
13 0.08229426433915212 0.6765402843601895 0.16458852867830423 0.17061611374407584