13 0.6047381546134664 0.11196682464454977 0.1084788029925187 0.10545023696682465
13 0.5997506234413965 0.3767772511848341 0.11097256857855362 0.10308056872037914
13 0.45760598503740646 0.09774881516587677 0.1172069825436409 0.11848341232227488
13 0.45074812967581046 0.36611374407582936 0.1259351620947631 0.11729857819905214
13 0.30610972568578554 0.36196682464454977 0.12344139650872818 0.12322274881516587
13 0.29987531172069826 0.6226303317535545 0.11596009975062344 0.12440758293838862
13 0.4445137157107232 0.6261848341232228 0.11596009975062344 0.11966824644549763
13 0.5935162094763092 0.6398104265402843 0.10972568578553615 0.11374407582938388
13 0.5972568578553616 0.9040284360189573 0.1172069825436409 0.11492890995260663
13 0.4445137157107232 0.8975118483412322 0.12344139650872818 0.12914691943127962
13 0.2955112219451372 0.8945497630331753 0.12468827930174564 0.12796208530805686