13 0.24438902743142144 0.18187203791469195 0.1396508728179551 0.1338862559241706
13 0.35723192019950123 0.4235781990521327 0.14089775561097256 0.13270142180094788
13 0.3734413965087282 0.11433649289099526 0.15211970074812967 0.1481042654028436
13 0.4906483790523691 0.3584123222748815 0.1596009975062344 0.1504739336492891
13 0.621571072319202 0.3009478672985782 0.1596009975062344 0.1552132701421801
13 0.7350374064837906 0.5385071090047393 0.15336658354114713 0.15402843601895735
13 0.6028678304239401 0.5953791469194313 0.15087281795511223 0.14928909952606634
13 0.4713216957605985 0.6635071090047393 0.1433915211970075 0.14218009478672985
13 0.5766832917705735 0.908175355450237 0.15087281795511223 0.1457345971563981
13 0.7144638403990025 0.8447867298578199 0.16209476309226933 0.16113744075829384
13 0.8503740648379052 0.7873222748815166 0.1633416458852868 0.15995260663507108