13 0.7095588235294118 0.10399529964747356 0.1213235294117647 0.11633372502937721
13 0.8033088235294118 0.17508813160987075 0.12745098039215685 0.12220916568742655
13 0.8829656862745098 0.24853113983548766 0.12254901960784313 0.11633372502937721
13 0.6660539215686274 0.3225616921269095 0.13112745098039216 0.12573443008225618
13 0.7530637254901961 0.3936545240893067 0.12990196078431374 0.1245593419506463
13 0.4221813725490196 0.40305522914218567 0.12867647058823528 0.12220916568742655
13 0.5208333333333334 0.4788484136310223 0.1409313725490196 0.13396004700352526
13 0.6072303921568627 0.5575793184488836 0.13970588235294118 0.13396004700352526
13 0.4564950980392157 0.7232667450058754 0.14338235294117646 0.13748531139835488
13 0.3633578431372549 0.6410105757931844 0.15318627450980393 0.14688601645123384
13 0.08946078431372549 0.7414806110458284 0.14338235294117646 0.13748531139835488