13 0.45098039215686275 0.058166862514688604 0.09681372549019608 0.09518213866039953
13 0.5698529411764706 0.06933019976498238 0.10416666666666667 0.09870740305522914
13 0.6783088235294118 0.08930669800235018 0.10049019607843138 0.09283196239717979
13 0.5386029411764706 0.26439482961222094 0.10784313725490197 0.10105757931844889
13 0.6519607843137255 0.2784958871915394 0.10416666666666667 0.10223266745005875
13 0.3792892156862745 0.4588719153936545 0.10416666666666667 0.09870740305522914
13 0.5055147058823529 0.4712103407755582 0.11519607843137254 0.10693301997649823
13 0.6225490196078431 0.49236192714453586 0.11274509803921569 0.10928319623971798
13 0.5900735294117647 0.7097532314923619 0.11642156862745098 0.11163337250293771
13 0.46568627450980393 0.6891891891891891 0.12254901960784313 0.12103407755581669
13 0.2928921568627451 0.9171562867215041 0.11887254901960784 0.10928319623971798