13 0.18321078431372548 0.17567567567567569 0.11519607843137254 0.11163337250293771
13 0.2855392156862745 0.11574618096357227 0.12254901960784313 0.11633372502937721
13 0.38480392156862747 0.06933019976498238 0.11764705882352941 0.11163337250293771
13 0.38296568627450983 0.2896592244418331 0.12622549019607843 0.11985898942420682
13 0.48223039215686275 0.2356051703877791 0.12377450980392157 0.11985898942420682
13 0.37806372549019607 0.5370152761457109 0.12254901960784313 0.11750881316098707
13 0.48590686274509803 0.4735605170387779 0.13480392156862744 0.12808460634547592
13 0.5931372549019608 0.42303172737955347 0.13357843137254902 0.12808460634547592
13 0.7034313725490197 0.6157461809635723 0.13725490196078433 0.13160987074030553
13 0.5912990196078431 0.6709753231492362 0.14583333333333334 0.1410105757931845
13 0.5962009803921569 0.9435957696827262 0.13848039215686275 0.1128084606345476