6 0.9584404455869752 0.7003994673768309 0.060839760068551844 0.09587217043941411
6 0.5989717223650386 0.8448735019973369 0.06255355612682091 0.0985352862849534
6 0.5488431876606684 0.8115845539280959 0.06341045415595545 0.09986684420772303
6 0.5004284490145673 0.7769640479360852 0.06341045415595545 0.09986684420772303
6 0.45158526135389887 0.7456724367509987 0.061696658097686374 0.09720372836218376
6 0.4031705227077978 0.7077230359520639 0.06255355612682091 0.0985352862849534
6 0.2570694087403599 0.6171770972037284 0.06255355612682091 0.0985352862849534
6 0.13581833761782347 0.53728362183755 0.05998286203941731 0.09454061251664447
6 0.40959725792630675 0.06790945406125166 0.06255355612682091 0.0985352862849534
6 0.23093401885175663 0.20905459387483355 0.056555269922879174 0.09054593874833555
6 0.18466152527849186 0.17842876165113183 0.061696658097686374 0.09587217043941411
6 0.2887746358183376 0.017976031957390146 0.06341045415595545 0.03595206391478029