6 0.974293059125964 0.5086551264980027 0.05141388174807198 0.09587217043941411
6 0.6529562982005142 0.7929427430093209 0.05741216795201371 0.09720372836218376
6 0.5994001713796058 0.7809587217043942 0.05741216795201371 0.0985352862849534
6 0.5467009425878321 0.7669773635153129 0.05741216795201371 0.0985352862849534
6 0.4940017137960583 0.7569906790945407 0.056555269922879174 0.09720372836218376
6 0.4413024850042845 0.7396804260985352 0.056555269922879174 0.09720372836218376
6 0.28491859468723224 0.7103861517976032 0.056555269922879174 0.0985352862849534
6 0.1546700942587832 0.6824234354194407 0.05398457583547558 0.09454061251664447
6 0.34061696658097684 0.11917443408788282 0.056555269922879174 0.09720372836218376
6 0.19151670951156813 0.32756324900133155 0.05141388174807198 0.09054593874833555
6 0.14181662382176521 0.3162450066577896 0.056555269922879174 0.09454061251664447
6 0.21036846615252786 0.08921438082556592 0.05741216795201371 0.0985352862849534
6 0.15809768637532134 0.07789613848202397 0.055698371893744644 0.09720372836218376