6 0.7425021422450728 0.5193075898801598 0.05398457583547558 0.09454061251664447
6 0.700942587832048 0.5732356857523302 0.054841473864610114 0.09587217043941411
6 0.6589545844044559 0.6251664447403462 0.05398457583547558 0.09720372836218376
6 0.6191088260497001 0.6784287616511319 0.05312767780634105 0.09454061251664447
6 0.5754070265638389 0.7283621837549934 0.05398457583547558 0.09587217043941411
6 0.45672664952870606 0.8894806924101198 0.05312767780634105 0.09587217043941411
6 0.3560411311053985 0.9866844207723036 0.050556983718937444 0.02663115845539281
6 0.21122536418166238 0.42876165113182424 0.05398457583547558 0.09587217043941411
6 0.21122536418166238 0.741011984021305 0.04798628963153385 0.08921438082556592
6 0.1726649528706084 0.7909454061251664 0.05312767780634105 0.09187749667110519
6 0.10968294772922023 0.559254327563249 0.054841473864610114 0.09587217043941411
6 0.06940874035989718 0.6125166444740346 0.05227077977720651 0.09587217043941411