6 0.2472943722943723 0.015299877600979192 0.06385281385281386 0.030599755201958383
6 0.2067099567099567 0.06976744186046512 0.06385281385281386 0.06242350061199511
6 0.1699134199134199 0.1364749082007344 0.06385281385281386 0.06242350061199511
6 0.10443722943722944 0.23194614443084455 0.06277056277056277 0.06242350061199511
6 0.38311688311688313 0.08445532435740515 0.05303030303030303 0.07221542227662178
6 0.3425324675324675 0.15422276621787026 0.05519480519480519 0.07466340269277846
6 0.3008658008658009 0.2252141982864137 0.05519480519480519 0.0795593635250918
6 0.26136363636363635 0.29436964504283963 0.05303030303030303 0.07466340269277846
6 0.558982683982684 0.30354957160342716 0.06601731601731602 0.06242350061199511
6 0.47835497835497837 0.4455324357405141 0.06385281385281386 0.06119951040391677
6 0.39285714285714285 0.5856793145654835 0.05952380952380952 0.06119951040391677
6 0.3555194805194805 0.6542227662178702 0.06060606060606061 0.06731946144430845
4 0.7267316017316018 0.31517747858017137 0.05411255411255411 0.07833537331701346
4 0.6098484848484849 0.5336597307221542 0.05194805194805195 0.07343941248470012
4 0.5746753246753247 0.602203182374541 0.049783549783549784 0.06976744186046512
4 0.5357142857142857 0.675030599755202 0.05735930735930736 0.07588739290085679
4 0.9058441558441559 0.5397796817625459 0.06926406926406926 0.06119951040391677
4 0.827922077922078 0.6866585067319462 0.07034632034632035 0.06731946144430845
4 0.7537878787878788 0.8329253365973073 0.06818181818181818 0.06609547123623011
4 0.7148268398268398 0.9075887392900857 0.0670995670995671 0.06242350061199511
4 0.6726190476190477 0.9736842105263158 0.07467532467532467 0.05263157894736842