6 0.9107142857142857 0.1591187270501836 0.06493506493506493 0.06487148102815178
6 0.9226190476190477 0.24173806609547124 0.06493506493506493 0.06487148102815178
6 0.9323593073593074 0.31946144430844553 0.06493506493506493 0.06487148102815178
6 0.9577922077922078 0.4369645042839657 0.06385281385281386 0.06364749082007344
6 0.7564935064935064 0.1744186046511628 0.05519480519480519 0.07343941248470012
6 0.7678571428571429 0.25642594859241125 0.05627705627705628 0.07588739290085679
6 0.7808441558441559 0.3402692778457772 0.05735930735930736 0.08078335373317014
6 0.7922077922077922 0.42166462668298654 0.05411255411255411 0.07588739290085679
6 0.5167748917748918 0.29314565483476135 0.0670995670995671 0.06364749082007344
6 0.5395021645021645 0.4602203182374541 0.06493506493506493 0.06364749082007344
6 0.5670995670995671 0.6272949816401469 0.06060606060606061 0.06364749082007344
6 0.5762987012987013 0.7074663402692778 0.06168831168831169 0.06976744186046512
4 0.3593073593073593 0.2270501835985312 0.05627705627705628 0.0795593635250918
4 0.3874458874458874 0.47980416156670747 0.05303030303030303 0.07466340269277846
4 0.395021645021645 0.5593635250917993 0.05194805194805195 0.07099143206854346
4 0.40476190476190477 0.6432068543451652 0.05844155844155844 0.07711138310893513
4 0.11471861471861472 0.35006119951040393 0.07034632034632035 0.06364749082007344
4 0.1331168831168831 0.5195838433292533 0.07142857142857142 0.06976744186046512
4 0.14826839826839827 0.6878824969400245 0.06926406926406926 0.06731946144430845
4 0.15692640692640691 0.773561811505508 0.06818181818181818 0.06364749082007344
4 0.16774891774891776 0.8616891064871481 0.07575757575757576 0.07343941248470012