6 0.27705627705627706 0.02692778457772338 0.06926406926406926 0.05385556915544676
6 0.23106060606060605 0.07711138310893513 0.06926406926406926 0.07099143206854346
6 0.15151515151515152 0.15789473684210525 0.06818181818181818 0.06976744186046512
6 0.4485930735930736 0.06793145654834762 0.06060606060606061 0.07711138310893513
6 0.39826839826839827 0.12851897184822522 0.06277056277056277 0.0795593635250918
6 0.3463203463203463 0.189718482252142 0.06385281385281386 0.08445532435740515
6 0.29653679653679654 0.2503059975520196 0.06060606060606061 0.0795593635250918
6 0.5882034632034632 0.3182374541003672 0.07034632034632035 0.07099143206854346
6 0.487012987012987 0.4418604651162791 0.06818181818181818 0.06976744186046512
6 0.38095238095238093 0.5630354957160343 0.06493506493506493 0.06854345165238677
6 0.3338744588744589 0.6236230110159119 0.0670995670995671 0.07466340269277846
4 0.7516233766233766 0.3629130966952264 0.06277056277056277 0.0832313341493268
4 0.6033549783549783 0.554467564259486 0.05952380952380952 0.07833537331701346
4 0.5573593073593074 0.6156670746634026 0.05735930735930736 0.07466340269277846
4 0.5081168831168831 0.6793145654834761 0.06493506493506493 0.08200734394124846
4 0.8939393939393939 0.6193390452876377 0.0735930735930736 0.07099143206854346
4 0.7943722943722944 0.7484700122399021 0.07467532467532467 0.07588739290085679
4 0.6985930735930735 0.8782129742962056 0.0735930735930736 0.07466340269277846
4 0.6493506493506493 0.9436964504283966 0.07142857142857142 0.07099143206854346
4 0.5963203463203464 0.9847001223990208 0.08008658008658008 0.030599755201958383