12 0.4975 0.050625 0.135 0.10125
12 0.524375 0.17 0.15 0.15125
12 0.556875 0.308125 0.1425 0.1425
12 0.600625 0.535625 0.1425 0.1425
12 0.625 0.76625 0.14875 0.14875
12 0.6425 0.95625 0.155 0.0875
12 0.1125 0.298125 0.1425 0.1425
12 0.116875 0.358125 0.125 0.1275
12 0.125625 0.413125 0.13375 0.1375
12 0.145 0.484375 0.1275 0.13375
12 0.155625 0.544375 0.1275 0.13
12 0.161875 0.596875 0.125 0.13125
12 0.176875 0.655 0.11875 0.1225
12 0.18125 0.701875 0.13625 0.1375
12 0.199375 0.75125 0.13625 0.13625