4 0.795625 0.12 0.21125 0.24
4 0.651875 0.1825 0.2475 0.27875
4 0.495625 0.256875 0.255 0.2775
4 0.3475 0.3225 0.24 0.27625
4 0.23625 0.28125 0.2375 0.26625
4 0.176875 0.39125 0.23375 0.2525
4 0.0725 0.45125 0.145 0.28
4 0.94125 0.61375 0.1175 0.2825
4 0.89625 0.580625 0.2075 0.25125
4 0.83 0.6975 0.22625 0.2675
4 0.719375 0.65625 0.22375 0.24875
4 0.550625 0.73375 0.245 0.27125
4 0.370625 0.805625 0.22625 0.25625
4 0.205 0.8725 0.2225 0.255
4 0.67 0.786875 0.23125 0.24875
4 0.4825 0.844375 0.24125 0.27125
4 0.31375 0.900625 0.2175 0.19875