4 0.323125 0.085 0.24375 0.17
4 0.44125 0.153125 0.275 0.28
4 0.57125 0.2675 0.28 0.28375
4 0.695625 0.371875 0.27 0.27625
4 0.814375 0.3625 0.26375 0.26875
4 0.840625 0.484375 0.255 0.25875
4 0.916875 0.584375 0.16625 0.27875
4 0.06 0.47 0.12 0.285
4 0.10625 0.466875 0.2125 0.25125
4 0.12875 0.59875 0.2575 0.26375
4 0.245625 0.59 0.2475 0.25125
4 0.386875 0.710625 0.27 0.275
4 0.54 0.829375 0.2525 0.2575
4 0.68 0.906875 0.2525 0.18625
4 0.2575 0.729375 0.2525 0.255
4 0.421875 0.83625 0.2675 0.2725
4 0.560625 0.91875 0.24625 0.1625