4 0.190625 0.125 0.20625 0.25
4 0.336875 0.188125 0.24375 0.27625
4 0.49625 0.256875 0.25125 0.275
4 0.64625 0.3175 0.235 0.275
4 0.75625 0.271875 0.23375 0.265
4 0.81875 0.38 0.23 0.25
4 0.9275 0.434375 0.145 0.27875
4 0.059375 0.631875 0.11875 0.28125
4 0.10375 0.595 0.2075 0.25
4 0.1775 0.70875 0.22125 0.26625
4 0.28625 0.66375 0.22 0.2475
4 0.4575 0.735625 0.24 0.27
4 0.639375 0.80125 0.22125 0.255
4 0.808125 0.865625 0.2175 0.26125
4 0.34 0.793125 0.2275 0.24625
4 0.529375 0.84375 0.23625 0.26875
4 0.7 0.8975 0.2125 0.205