13 0.6344594594594595 0.13648648648648648 0.09864864864864865 0.1
13 0.8641891891891892 0.19864864864864865 0.10270270270270271 0.10135135135135136
13 0.8108108108108109 0.2648648648648649 0.10540540540540541 0.10540540540540541
13 0.5060810810810811 0.297972972972973 0.10675675675675676 0.10675675675675676
13 0.7621621621621621 0.3344594594594595 0.10540540540540541 0.10540540540540541
13 0.7027027027027027 0.39797297297297296 0.10675675675675676 0.10675675675675676
13 0.3804054054054054 0.45472972972972975 0.10675675675675676 0.10810810810810811
13 0.572972972972973 0.5675675675675675 0.11216216216216217 0.11216216216216217
13 0.5175675675675676 0.6425675675675676 0.11216216216216217 0.11216216216216217
13 0.4635135135135135 0.7081081081081081 0.10675675675675676 0.10675675675675676
13 0.30067567567567566 0.9162162162162162 0.10810810810810811 0.10810810810810811
13 0.40337837837837837 0.7709459459459459 0.11621621621621622 0.11486486486486487
13 0.3493243243243243 0.847972972972973 0.12297297297297298 0.12162162162162163