13 0.34054054054054056 0.1472972972972973 0.1 0.1
13 0.11554054054054054 0.22432432432432434 0.10270270270270271 0.10270270270270271
13 0.17297297297297298 0.28716216216216217 0.10675675675675676 0.10675675675675676
13 0.4797297297297297 0.2993243243243243 0.10810810810810811 0.10810810810810811
13 0.22702702702702704 0.3533783783783784 0.10675675675675676 0.10675675675675676
13 0.2905405405405405 0.41216216216216217 0.10810810810810811 0.10675675675675676
13 0.6162162162162163 0.4466216216216216 0.10810810810810811 0.10810810810810811
13 0.43175675675675673 0.5722972972972973 0.11351351351351352 0.11351351351351352
13 0.4925675675675676 0.643918918918919 0.11351351351351352 0.11351351351351352
13 0.5506756756756757 0.7054054054054054 0.10810810810810811 0.10810810810810811
13 0.7283783783783784 0.9013513513513514 0.10945945945945947 0.10945945945945947
13 0.6155405405405405 0.7635135135135135 0.11756756756756757 0.11621621621621622
13 0.675 0.8364864864864865 0.12432432432432433 0.12297297297297298