13 0.5648648648648649 0.11824324324324324 0.07567567567567568 0.07972972972972973
13 0.33513513513513515 0.05675675675675676 0.08243243243243244 0.07837837837837838
13 0.34797297297297297 0.14121621621621622 0.08378378378378379 0.08378378378378379
13 0.5952702702702702 0.3222972972972973 0.08378378378378379 0.08513513513513514
13 0.3554054054054054 0.22567567567567567 0.08378378378378379 0.08378378378378379
13 0.37567567567567567 0.31013513513513513 0.08513513513513514 0.08243243243243244
13 0.6256756756756757 0.5209459459459459 0.08378378378378379 0.08648648648648649
13 0.40337837837837837 0.5216216216216216 0.0891891891891892 0.08783783783783784
13 0.4135135135135135 0.6148648648648649 0.08783783783783784 0.0891891891891892
13 0.42702702702702705 0.6986486486486486 0.08378378378378379 0.08513513513513514
13 0.46418918918918917 0.9581081081081081 0.08513513513513514 0.08378378378378379
13 0.44797297297297295 0.7831081081081082 0.0945945945945946 0.08783783783783784
13 0.45675675675675675 0.8770270270270271 0.1 0.09324324324324325