19 0.430625 0.045 0.25625 0.09
19 0.570625 0.108125 0.25375 0.21625
19 0.7125 0.205625 0.26 0.26375
19 0.85375 0.33125 0.26625 0.27
19 0.930625 0.453125 0.13875 0.27375
19 0.413125 0.13375 0.27375 0.2675
19 0.549375 0.254375 0.27 0.2725
19 0.68875 0.37625 0.27375 0.27625
19 0.826875 0.50125 0.265 0.26875
19 0.915625 0.61875 0.16875 0.245
19 0.178125 0.515625 0.28375 0.2875
19 0.319375 0.645625 0.27125 0.275
19 0.458125 0.77 0.27875 0.28125
19 0.59875 0.88 0.27 0.24
19 0.07 0.568125 0.14 0.26375
19 0.14875 0.693125 0.26875 0.2725
19 0.280625 0.814375 0.25875 0.2625
19 0.428125 0.89875 0.28875 0.2025
19 0.56375 0.969375 0.255 0.06125