19 0.0425 0.501875 0.085 0.25875
19 0.114375 0.37875 0.22875 0.255
19 0.23375 0.253125 0.26125 0.2625
19 0.375625 0.13125 0.26875 0.2625
19 0.514375 0.06875 0.27125 0.1375
19 0.129375 0.540625 0.25875 0.27625
19 0.2625 0.42125 0.27125 0.2725
19 0.4 0.2975 0.275 0.27625
19 0.54125 0.175625 0.26625 0.26875
19 0.67375 0.094375 0.2425 0.18875
19 0.47625 0.82125 0.285 0.2875
19 0.6225 0.696875 0.27375 0.275
19 0.7625 0.574375 0.28 0.28125
19 0.885 0.45 0.23 0.2725
19 0.508125 0.93125 0.26125 0.1375
19 0.648125 0.868125 0.27125 0.26375
19 0.785625 0.755625 0.26125 0.2625
19 0.893125 0.625 0.21375 0.2925
19 0.97125 0.505625 0.0575 0.25875