19 0.80625 0.081875 0.2125 0.16375
19 0.623125 0.105625 0.21375 0.21125
19 0.444375 0.14125 0.2125 0.2325
19 0.26125 0.18875 0.2175 0.24
19 0.093125 0.23375 0.18625 0.245
19 0.745 0.209375 0.225 0.2425
19 0.5675 0.25875 0.225 0.23625
19 0.388125 0.30375 0.225 0.24375
19 0.208125 0.3525 0.2125 0.24125
19 0.07 0.400625 0.14 0.22125
19 0.779375 0.66 0.23125 0.25375
19 0.595 0.71125 0.2225 0.2425
19 0.415 0.759375 0.23125 0.245
19 0.231875 0.80875 0.22 0.24125
19 0.9 0.78375 0.2 0.235
19 0.725625 0.83125 0.22 0.2425
19 0.5525 0.88 0.21375 0.23
19 0.361875 0.9 0.23875 0.2
19 0.184375 0.93125 0.20875 0.1375