11 0.941875 0.345 0.11625 0.1825
11 0.869375 0.36625 0.17625 0.18
11 0.9125 0.470625 0.16375 0.175
11 0.815625 0.484375 0.14875 0.16125
11 0.85875 0.585625 0.15875 0.16875
11 0.749375 0.6025 0.16625 0.175
11 0.793125 0.7025 0.1625 0.1725
11 0.68875 0.720625 0.1625 0.17125
11 0.728125 0.82 0.1575 0.165
11 0.624375 0.8375 0.17 0.17875
11 0.661875 0.925625 0.15875 0.14875
11 0.5625 0.93375 0.165 0.1325
11 0.695625 0.19375 0.16125 0.17
11 0.6025 0.20875 0.1575 0.16625
11 0.638125 0.311875 0.16125 0.17125
11 0.535625 0.325 0.15875 0.17375
11 0.57375 0.424375 0.16625 0.1775
11 0.468125 0.436875 0.1725 0.175
11 0.509375 0.538125 0.15625 0.17125
11 0.405 0.55375 0.16875 0.17125
11 0.4375 0.65375 0.155 0.16875
11 0.335625 0.673125 0.17125 0.17875
11 0.3775 0.77 0.16375 0.17375
11 0.279375 0.786875 0.1625 0.175
11 0.425625 0.061875 0.15625 0.12375
11 0.333125 0.0725 0.16375 0.145
11 0.35875 0.1525 0.15875 0.1675
11 0.261875 0.17375 0.15625 0.16625
11 0.300625 0.270625 0.16875 0.1775
11 0.1875 0.285625 0.16 0.165
11 0.228125 0.383125 0.1725 0.17625
11 0.12875 0.401875 0.1625 0.16875
11 0.165625 0.504375 0.17375 0.18
11 0.069375 0.515625 0.13875 0.17375
11 0.095 0.621875 0.15 0.165
11 0.0375 0.638125 0.075 0.17125