11 0.83625 0.13625 0.12125 0.14625
11 0.758125 0.20375 0.13 0.13875
11 0.846875 0.274375 0.1125 0.14375
11 0.76875 0.33375 0.1 0.135
11 0.855625 0.40125 0.11125 0.13625
11 0.7675 0.46875 0.115 0.1425
11 0.854375 0.535 0.11125 0.14125
11 0.7725 0.60125 0.11375 0.1375
11 0.855 0.669375 0.11125 0.1325
11 0.7725 0.734375 0.11875 0.14375
11 0.8525 0.8025 0.11125 0.13625
11 0.775 0.86625 0.1175 0.13625
11 0.5225 0.1375 0.1125 0.1375
11 0.44875 0.195625 0.11125 0.13375
11 0.529375 0.268125 0.1125 0.13875
11 0.44625 0.33 0.10375 0.1475
11 0.528125 0.3975 0.11375 0.145
11 0.44125 0.460625 0.1275 0.13375
11 0.52625 0.529375 0.1025 0.145
11 0.443125 0.593125 0.125 0.13125
11 0.52 0.664375 0.10375 0.14125
11 0.44 0.73125 0.12125 0.1425
11 0.52375 0.795625 0.1125 0.1425
11 0.44625 0.8575 0.11 0.145
11 0.210625 0.13125 0.10125 0.1475
11 0.14 0.195 0.11125 0.14375
11 0.208125 0.264375 0.11 0.13625
11 0.13375 0.33 0.10875 0.135
11 0.215 0.39625 0.1175 0.14375
11 0.123125 0.46375 0.115 0.13
11 0.205625 0.53 0.12625 0.13625
11 0.1275 0.59375 0.115 0.135
11 0.209375 0.665625 0.12375 0.1425
11 0.12125 0.72875 0.11125 0.1425
11 0.205 0.803125 0.09875 0.14
11 0.12625 0.865625 0.10875 0.14125