11 0.69875 0.065625 0.1525 0.13125
11 0.6475 0.13625 0.15875 0.16625
11 0.754375 0.17375 0.14375 0.165
11 0.699375 0.255 0.12875 0.15375
11 0.80375 0.290625 0.14 0.1575
11 0.7425 0.383125 0.14625 0.165
11 0.846875 0.4175 0.14125 0.1625
11 0.790625 0.5075 0.1425 0.16
11 0.890625 0.544375 0.13875 0.15375
11 0.834375 0.633125 0.15 0.1675
11 0.930625 0.67125 0.13875 0.1575
11 0.879375 0.756875 0.14625 0.16
11 0.403125 0.15 0.1425 0.15875
11 0.3525 0.22875 0.14 0.155
11 0.4525 0.27125 0.1425 0.16
11 0.394375 0.356875 0.13625 0.16625
11 0.493125 0.394375 0.145 0.16625
11 0.431875 0.481875 0.155 0.16
11 0.534375 0.51875 0.135 0.16375
11 0.47625 0.606875 0.1525 0.1575
11 0.5725 0.649375 0.135 0.16
11 0.51875 0.738125 0.15125 0.16625
11 0.618125 0.771875 0.14375 0.16375
11 0.565625 0.855625 0.14125 0.16625
11 0.106875 0.245625 0.13375 0.165
11 0.065625 0.32875 0.13125 0.165
11 0.1475 0.3725 0.13875 0.1575
11 0.09875 0.45875 0.1375 0.15625
11 0.19625 0.495 0.14875 0.16625
11 0.131875 0.58875 0.14375 0.15375
11 0.23125 0.62375 0.155 0.1625
11 0.17875 0.71 0.14375 0.1575
11 0.279375 0.75125 0.15375 0.1675
11 0.21625 0.839375 0.1425 0.16375
11 0.319375 0.8825 0.13 0.1575
11 0.265 0.943125 0.14 0.11375