4 0.948125 0.44625 0.10375 0.1275
4 0.911875 0.598125 0.1325 0.13625
4 0.87125 0.735625 0.13 0.12875
4 0.825 0.884375 0.1325 0.13625
4 0.77625 0.9775 0.1325 0.045
4 0.294375 0.876875 0.13875 0.135
4 0.335 0.730625 0.13375 0.135
4 0.380625 0.58625 0.14 0.13875
4 0.426875 0.440625 0.13625 0.13625
4 0.4725 0.29875 0.135 0.13625
4 0.516875 0.156875 0.1375 0.14
4 0.201875 0.06375 0.12875 0.1275
4 0.15875 0.203125 0.13625 0.13
4 0.11625 0.343125 0.13375 0.125
4 0.06875 0.489375 0.1375 0.13125
4 0.045625 0.63 0.09125 0.1225
4 0.0225 0.783125 0.045 0.13625