4 0.946875 0.421875 0.10625 0.12375
4 0.91625 0.576875 0.12875 0.1325
4 0.883125 0.715625 0.12625 0.125
4 0.845 0.866875 0.12875 0.1325
4 0.804375 0.97125 0.12875 0.0575
4 0.314375 0.886875 0.135 0.13125
4 0.3475 0.73875 0.13 0.13125
4 0.385625 0.5925 0.13625 0.135
4 0.42375 0.444375 0.1325 0.1325
4 0.4625 0.3 0.13125 0.1325
4 0.49875 0.156875 0.1325 0.13625
4 0.18 0.076875 0.125 0.13125
4 0.14375 0.22125 0.1325 0.12625
4 0.10875 0.36375 0.13 0.12125
4 0.069375 0.511875 0.13375 0.12625
4 0.04875 0.655625 0.0975 0.11875
4 0.029375 0.81 0.05875 0.1325