7 0.613125 0.03875 0.14375 0.0775
7 0.671875 0.0925 0.15 0.1425
7 0.729375 0.17625 0.15 0.14125
7 0.789375 0.25875 0.15125 0.1425
7 0.845625 0.340625 0.14375 0.13375
7 0.908125 0.4225 0.14125 0.13375
7 0.948125 0.5025 0.10375 0.1375
7 0.974375 0.59 0.05125 0.145
7 0.79375 0.860625 0.14625 0.13
7 0.741875 0.785 0.15625 0.14625
7 0.683125 0.7025 0.14375 0.13375
7 0.623125 0.6225 0.13625 0.11875
7 0.565 0.535625 0.1525 0.1425
7 0.33 0.20625 0.1525 0.14125
7 0.270625 0.125 0.15625 0.1475
7 0.05625 0.28875 0.1125 0.1325
7 0.155625 0.454375 0.15375 0.145
7 0.215 0.539375 0.135 0.12
7 0.27125 0.6225 0.15 0.1425
7 0.32625 0.70125 0.14875 0.1375
7 0.38625 0.785625 0.15375 0.14625
7 0.446875 0.870625 0.1275 0.11375
7 0.5075 0.9425 0.1425 0.115