7 0.866875 0.058125 0.12 0.0925
7 0.868125 0.156875 0.11625 0.0925
7 0.870625 0.258125 0.1225 0.0975
7 0.87125 0.36 0.1225 0.095
7 0.874375 0.461875 0.125 0.09625
7 0.875625 0.56125 0.1175 0.09
7 0.88125 0.66375 0.11375 0.0925
7 0.8875 0.764375 0.115 0.095
7 0.885 0.868125 0.12375 0.1
7 0.8875 0.958125 0.125 0.08375
7 0.541875 0.9625 0.12875 0.075
7 0.540625 0.871875 0.12875 0.09875
7 0.53875 0.77 0.11875 0.08875
7 0.53375 0.670625 0.12125 0.07
7 0.53375 0.565625 0.125 0.095
7 0.523125 0.16125 0.1275 0.0925
7 0.52 0.06125 0.1275 0.1
7 0.2375 0.06875 0.1175 0.0875
7 0.24 0.269375 0.125 0.09875
7 0.241875 0.373125 0.12 0.07125
7 0.241875 0.47375 0.12125 0.09875
7 0.24375 0.57 0.1225 0.09125
7 0.245625 0.673125 0.125 0.1
7 0.24875 0.7775 0.1125 0.06875
7 0.25375 0.87875 0.11875 0.0875