7 0.0525 0.16 0.105 0.1175
7 0.063125 0.255625 0.12625 0.11625
7 0.081875 0.355 0.14 0.1225
7 0.105625 0.45375 0.14 0.12125
7 0.1275 0.55375 0.1425 0.1225
7 0.150625 0.650625 0.13375 0.115
7 0.169375 0.75125 0.13125 0.11625
7 0.188125 0.85 0.13375 0.11875
7 0.215 0.94375 0.1425 0.1125
7 0.570625 0.953125 0.14125 0.09375
7 0.550625 0.870625 0.14625 0.12625
7 0.528125 0.771875 0.135 0.11375
7 0.50875 0.67375 0.1325 0.09625
7 0.483125 0.571875 0.1425 0.12125
7 0.395625 0.176875 0.145 0.12
7 0.374375 0.07875 0.145 0.12625
7 0.650625 0.036875 0.13375 0.07375
7 0.696875 0.213125 0.1425 0.125
7 0.72 0.315 0.13125 0.0975
7 0.74375 0.411875 0.13875 0.12375
7 0.765625 0.505625 0.14 0.1175
7 0.78875 0.60625 0.1425 0.12625
7 0.810625 0.70875 0.12375 0.0925
7 0.830625 0.8075 0.135 0.1125