11 0.236875 0.218125 0.15375 0.14625
11 0.354375 0.166875 0.15 0.14
11 0.478125 0.11375 0.1575 0.1425
11 0.5925 0.068125 0.1575 0.13625
11 0.715625 0.038125 0.15625 0.07625
11 0.029375 0.41125 0.05875 0.14
11 0.101875 0.3675 0.15375 0.145
11 0.2175 0.315625 0.1475 0.1325
11 0.335625 0.263125 0.14875 0.13375
11 0.451875 0.210625 0.14875 0.135
11 0.570625 0.15625 0.155 0.14875
11 0.68375 0.103125 0.16125 0.15375
11 0.78875 0.063125 0.1425 0.12625
11 0.140625 0.619375 0.15375 0.1425
11 0.260625 0.571875 0.1475 0.1325
11 0.378125 0.519375 0.16125 0.15125
11 0.495625 0.465625 0.15625 0.145
11 0.609375 0.413125 0.15875 0.1525
11 0.73375 0.3625 0.155 0.13625
11 0.84875 0.31125 0.15875 0.14125
11 0.120625 0.730625 0.15 0.1425
11 0.24 0.683125 0.15 0.14625
11 0.355 0.6325 0.15125 0.14125
11 0.4725 0.579375 0.1525 0.145
11 0.59125 0.53125 0.15375 0.14625
11 0.705625 0.47125 0.14 0.12875
11 0.826875 0.42375 0.1475 0.13625
11 0.92875 0.368125 0.135 0.1275
5 0.21 0.951875 0.1275 0.09625
5 0.31875 0.924375 0.17 0.15125
5 0.429375 0.883125 0.17125 0.17375
5 0.546875 0.830625 0.17125 0.17375
5 0.6625 0.77875 0.1725 0.16875
5 0.779375 0.72875 0.1675 0.1725
5 0.889375 0.676875 0.1625 0.1675
5 0.961875 0.626875 0.07625 0.17625
5 0.295 0.97375 0.165 0.0525
5 0.4075 0.94875 0.1625 0.1025
5 0.52 0.9225 0.17 0.155
5 0.64125 0.886875 0.16125 0.16875
5 0.86375 0.781875 0.17625 0.175
5 0.950625 0.72875 0.09875 0.175