11 0.60625 0.129375 0.16 0.15625
11 0.710625 0.20375 0.15625 0.15125
11 0.819375 0.281875 0.1625 0.155
11 0.92125 0.353125 0.1575 0.16125
11 0.976875 0.43 0.04625 0.1525
11 0.30875 0.043125 0.1575 0.08625
11 0.40875 0.09 0.16 0.155
11 0.5125 0.163125 0.15125 0.14375
11 0.618125 0.2375 0.1525 0.145
11 0.723125 0.31 0.1525 0.14625
11 0.83125 0.383125 0.16125 0.15875
11 0.925625 0.4525 0.14875 0.165
11 0.976875 0.51875 0.04625 0.15
11 0.2125 0.25375 0.16 0.15375
11 0.315 0.331875 0.15125 0.14375
11 0.420625 0.405625 0.1675 0.1625
11 0.5275 0.47875 0.1625 0.15625
11 0.63125 0.549375 0.16625 0.16375
11 0.738125 0.629375 0.1575 0.14875
11 0.841875 0.701875 0.1625 0.15375
11 0.106875 0.293125 0.15625 0.1525
11 0.20875 0.371875 0.1575 0.15625
11 0.311875 0.44375 0.15625 0.15125
11 0.4175 0.5175 0.15875 0.155
11 0.52 0.594375 0.16 0.15625
11 0.630625 0.66125 0.145 0.13875
11 0.73375 0.740625 0.1525 0.1475
11 0.834375 0.799375 0.14 0.13625
5 0.061875 0.568125 0.12375 0.17875
5 0.135 0.636875 0.18125 0.1825
5 0.240625 0.710625 0.18125 0.1825
5 0.345 0.7825 0.18125 0.18
5 0.448125 0.8575 0.17875 0.18
5 0.54875 0.91875 0.1725 0.1625
5 0.654375 0.955625 0.18625 0.08875
5 0.0625 0.669375 0.125 0.17875
5 0.14 0.74 0.18 0.18375
5 0.24125 0.82 0.1725 0.17625
5 0.445625 0.931875 0.18625 0.13625
5 0.553125 0.97125 0.18125 0.0575