11 0.526875 0.115625 0.145 0.13375
11 0.40375 0.149375 0.14125 0.1275
11 0.274375 0.185625 0.15 0.12875
11 0.15125 0.2175 0.1475 0.13875
11 0.0475 0.251875 0.095 0.12625
11 0.846875 0.105625 0.145 0.12625
11 0.72625 0.14625 0.145 0.1325
11 0.60375 0.179375 0.14125 0.12
11 0.47875 0.2125 0.1425 0.12
11 0.355625 0.245 0.14 0.1225
11 0.22875 0.276875 0.145 0.13625
11 0.1075 0.3075 0.15125 0.14125
11 0.03125 0.336875 0.0625 0.13125
11 0.854375 0.366875 0.14625 0.13
11 0.73125 0.405 0.14125 0.12
11 0.606875 0.438125 0.1525 0.13875
11 0.481875 0.470625 0.1475 0.1325
11 0.36 0.50125 0.14875 0.14125
11 0.231875 0.54 0.1475 0.12125
11 0.11 0.573125 0.15125 0.1275
11 0.934375 0.44 0.13125 0.13
11 0.8175 0.47875 0.14 0.135
11 0.695625 0.51125 0.1425 0.12875
11 0.57125 0.544375 0.1425 0.1325
11 0.44875 0.581875 0.145 0.13375
11 0.3225 0.606875 0.13375 0.11625
11 0.198125 0.64625 0.14 0.12375
11 0.08375 0.6675 0.12625 0.11625
5 0.985625 0.690625 0.02875 0.14875
5 0.91375 0.72375 0.1575 0.1575
5 0.79625 0.753125 0.15875 0.16125
5 0.671875 0.78625 0.15875 0.16125
5 0.549375 0.81875 0.16125 0.15625
5 0.42625 0.85375 0.155 0.16
5 0.30875 0.8825 0.15 0.15625
5 0.181875 0.919375 0.16375 0.16125
5 0.96 0.785625 0.08 0.16375
5 0.87625 0.8175 0.14875 0.1625
5 0.75625 0.84875 0.15625 0.16375
5 0.63375 0.889375 0.14875 0.1575
5 0.394375 0.93375 0.16375 0.1325
5 0.26625 0.95125 0.1575 0.0975