11 0.401875 0.154375 0.16125 0.18
11 0.4375 0.301875 0.165 0.1775
11 0.469375 0.435625 0.1475 0.165
11 0.49625 0.58875 0.1675 0.17875
11 0.535625 0.738125 0.16 0.17375
11 0.570625 0.89 0.1475 0.1775
11 0.155 0.271875 0.155 0.1775
11 0.065625 0.221875 0.13125 0.17875
11 0.184375 0.4175 0.1475 0.17875
11 0.083125 0.36875 0.1425 0.16875
11 0.113125 0.514375 0.155 0.1675
11 0.22125 0.5675 0.16125 0.175
11 0.14625 0.661875 0.1575 0.1675
11 0.25125 0.715625 0.1525 0.17125
11 0.17375 0.81125 0.15125 0.17
11 0.281875 0.863125 0.1625 0.18375
11 0.2125 0.936875 0.1525 0.12625