11 0.364375 0.1675 0.1725 0.1875
11 0.4275 0.305625 0.175 0.185
11 0.484375 0.43 0.1575 0.17125
11 0.5575 0.5675 0.1775 0.1875
11 0.618125 0.709375 0.17 0.18125
11 0.684375 0.850625 0.15875 0.18375
11 0.63125 0.108125 0.165 0.18375
11 0.675625 0.05125 0.15625 0.1025
11 0.698125 0.240625 0.15875 0.185
11 0.7475 0.14 0.1525 0.17375
11 0.81375 0.27375 0.165 0.175
11 0.76125 0.38125 0.17125 0.1825
11 0.878125 0.41 0.16625 0.175
11 0.82875 0.516875 0.16375 0.17875
11 0.93375 0.544375 0.1325 0.17625
11 0.895625 0.651875 0.17375 0.19
11 0.965 0.689375 0.07 0.18875