11 0.263125 0.229375 0.19375 0.19625
11 0.368125 0.34 0.19375 0.19625
11 0.4625 0.43875 0.1775 0.17875
11 0.576875 0.545 0.19625 0.19875
11 0.68 0.659375 0.19 0.19125
11 0.78875 0.771875 0.1825 0.1875
11 0.49625 0.090625 0.1875 0.18125
11 0.506875 0.03625 0.18125 0.0725
11 0.6025 0.190625 0.18375 0.18875
11 0.61625 0.08375 0.175 0.1675
11 0.7225 0.18375 0.18375 0.185
11 0.70875 0.303125 0.19125 0.19375
11 0.828125 0.291875 0.185 0.18625
11 0.81625 0.40875 0.18375 0.18625
11 0.92375 0.39625 0.1525 0.185
11 0.9125 0.514375 0.175 0.19875
11 0.975625 0.511875 0.04875 0.19375