11 0.92125 0.39875 0.1575 0.1425
11 0.770625 0.365 0.16875 0.14
11 0.619375 0.328125 0.16625 0.13875
11 0.469375 0.29 0.17 0.15
11 0.320625 0.2475 0.1575 0.13625
11 0.168125 0.215 0.17125 0.1425
11 0.82125 0.470625 0.16625 0.1475
11 0.665 0.43625 0.16375 0.1425
11 0.515 0.39625 0.1625 0.1325
11 0.368125 0.36125 0.1675 0.1425
11 0.211875 0.32375 0.1675 0.15375
11 0.83125 0.754375 0.1675 0.14625
11 0.6725 0.716875 0.17375 0.145
11 0.52875 0.68375 0.17 0.14375
11 0.38375 0.64625 0.1675 0.14
11 0.226875 0.609375 0.165 0.14
11 0.078125 0.575625 0.15625 0.13875
11 0.73 0.83125 0.17875 0.13375
11 0.576875 0.79375 0.16375 0.14
11 0.430625 0.761875 0.16625 0.145
11 0.278125 0.723125 0.16375 0.1475
11 0.128125 0.681875 0.16875 0.14125