11 0.749375 0.13875 0.195 0.18625
11 0.61125 0.21875 0.195 0.185
11 0.47375 0.2925 0.19125 0.1825
11 0.336875 0.364375 0.2 0.19375
11 0.198125 0.4325 0.18375 0.1775
11 0.080625 0.509375 0.16125 0.18875
11 0.71875 0.263125 0.19625 0.19
11 0.58 0.341875 0.19125 0.185
11 0.441875 0.4125 0.18625 0.17625
11 0.309375 0.485625 0.195 0.18625
11 0.168125 0.561875 0.19875 0.195
11 0.90875 0.466875 0.1825 0.18875
11 0.77375 0.545625 0.2 0.19125
11 0.644375 0.6175 0.19625 0.18875
11 0.51125 0.686875 0.19375 0.185
11 0.370625 0.76375 0.19125 0.18375
11 0.230625 0.844375 0.1975 0.18625
11 0.8925 0.5925 0.2 0.185
11 0.75375 0.666875 0.19 0.1825
11 0.623125 0.74125 0.19375 0.1875
11 0.484375 0.814375 0.19375 0.18875
11 0.345 0.884375 0.195 0.18625