11 0.92125 0.5275 0.1575 0.175
11 0.798125 0.45 0.19 0.17375
11 0.664375 0.370625 0.1875 0.17125
11 0.5325 0.29 0.19375 0.1825
11 0.4025 0.20625 0.17875 0.16625
11 0.26625 0.13 0.19375 0.1775
11 0.815625 0.565625 0.19 0.17875
11 0.67625 0.486875 0.18625 0.17375
11 0.545 0.405 0.1825 0.165
11 0.414375 0.32875 0.19 0.175
11 0.275625 0.2475 0.1925 0.185
11 0.7425 0.84 0.19 0.17875
11 0.601875 0.758125 0.195 0.17875
11 0.47375 0.684375 0.19125 0.1775
11 0.345625 0.60625 0.18875 0.17375
11 0.206875 0.525 0.18625 0.1725
11 0.08125 0.446875 0.1625 0.17375
11 0.623125 0.884375 0.1975 0.17125
11 0.4875 0.803125 0.185 0.17125
11 0.356875 0.73 0.18875 0.17625
11 0.2225 0.64875 0.1875 0.17875
11 0.093125 0.565 0.18625 0.175