11 0.054375 0.475625 0.10875 0.29125
11 0.149375 0.3 0.29875 0.3025
11 0.33125 0.134375 0.2975 0.26875
11 0.515625 0.043125 0.29125 0.08625
11 0.156875 0.50125 0.31 0.30625
11 0.340625 0.31625 0.3 0.29375
11 0.53125 0.143125 0.315 0.28625
4 0.3375 0.9425 0.165 0.115
4 0.405625 0.9025 0.16625 0.17
4 0.473125 0.82375 0.15375 0.15625
4 0.54125 0.753125 0.16 0.1625
4 0.605 0.68625 0.16375 0.16625
4 0.674375 0.60875 0.15125 0.15375
4 0.7475 0.5375 0.16125 0.165
4 0.453125 0.96625 0.15625 0.0675
4 0.5225 0.933125 0.145 0.13375
4 0.58875 0.869375 0.15125 0.1525
4 0.65375 0.8025 0.15625 0.15875
4 0.73 0.73 0.14625 0.14875
4 0.7925 0.64875 0.155 0.1575