11 0.055 0.448125 0.11 0.28875
11 0.156875 0.281875 0.30875 0.29875
11 0.351875 0.12875 0.29875 0.2575
11 0.544375 0.043125 0.29125 0.08625
11 0.1575 0.483125 0.31125 0.3025
11 0.350625 0.308125 0.30125 0.28875
11 0.550625 0.143125 0.31625 0.28625
4 0.313125 0.93875 0.16375 0.1225
4 0.384375 0.896875 0.1625 0.17125
4 0.455625 0.821875 0.15125 0.15625
4 0.528125 0.755 0.15875 0.1625
4 0.595 0.691875 0.16125 0.1675
4 0.66875 0.6175 0.14875 0.155
4 0.745 0.55 0.15875 0.16625
4 0.42625 0.964375 0.155 0.07125
4 0.499375 0.933125 0.14375 0.13375
4 0.569375 0.873125 0.14875 0.15375
4 0.6375 0.81 0.155 0.16
4 0.7175 0.741875 0.145 0.14875
4 0.784375 0.66375 0.15375 0.1575