11 0.055625 0.43875 0.11125 0.2875
11 0.160625 0.275625 0.30875 0.2975
11 0.358125 0.1275 0.29875 0.255
11 0.554375 0.043125 0.29125 0.08625
11 0.1575 0.476875 0.31125 0.30125
11 0.35375 0.305625 0.3025 0.2875
11 0.556875 0.143125 0.31625 0.28625
4 0.305 0.936875 0.1625 0.12625
4 0.3775 0.894375 0.1625 0.17125
4 0.450625 0.82125 0.15 0.15625
4 0.523125 0.755625 0.1575 0.1625
4 0.591875 0.693125 0.16 0.1675
4 0.66625 0.620625 0.14875 0.155
4 0.74375 0.554375 0.15875 0.16625
4 0.416875 0.96375 0.15375 0.0725
4 0.491875 0.933125 0.14375 0.13375
4 0.5625 0.874375 0.14875 0.15375
4 0.631875 0.8125 0.15375 0.16
4 0.713125 0.745625 0.145 0.14875
4 0.781875 0.66875 0.15375 0.1575