13 0.34609929078014184 0.15531914893617021 0.09645390070921986 0.09078014184397164
13 0.225531914893617 0.3198581560283688 0.10070921985815603 0.09787234042553192
13 0.4794326241134752 0.2673758865248227 0.09929078014184398 0.09361702127659574
13 0.2929078014184397 0.38368794326241135 0.09929078014184398 0.09219858156028368
13 0.3638297872340426 0.4418439716312057 0.10212765957446808 0.09361702127659574
13 0.4326241134751773 0.5049645390070922 0.10354609929078014 0.0950354609929078
13 0.5 0.5673758865248227 0.10354609929078014 0.09219858156028368
13 0.5687943262411348 0.6290780141843971 0.10070921985815603 0.09361702127659574
13 0.6411347517730497 0.6950354609929078 0.10780141843971631 0.09787234042553192
13 0.7106382978723405 0.7617021276595745 0.10070921985815603 0.09361702127659574
13 0.7865248226950354 0.8262411347517731 0.1049645390070922 0.09929078014184398
13 0.5482269503546099 0.3326241134751773 0.10212765957446808 0.09787234042553192
13 0.6191489361702127 0.3943262411347518 0.10354609929078014 0.09219858156028368
13 0.6858156028368795 0.45673758865248226 0.10212765957446808 0.09645390070921986