13 0.2326241134751773 0.23333333333333334 0.10780141843971631 0.10638297872340426
13 0.1794326241134752 0.43049645390070923 0.1148936170212766 0.11347517730496454
13 0.39787234042553193 0.2900709219858156 0.11063829787234042 0.10921985815602837
13 0.2645390070921986 0.46595744680851064 0.11063829787234042 0.10780141843971631
13 0.3517730496453901 0.49432624113475176 0.11347517730496454 0.11063829787234042
13 0.43829787234042555 0.5290780141843971 0.1148936170212766 0.11205673758865248
13 0.524113475177305 0.5631205673758866 0.11347517730496454 0.11063829787234042
13 0.6106382978723405 0.5957446808510638 0.11205673758865248 0.10921985815602837
13 0.701418439716312 0.6312056737588653 0.11914893617021277 0.1148936170212766
13 0.7900709219858156 0.6687943262411348 0.11205673758865248 0.10921985815602837
13 0.8843971631205674 0.7021276595744681 0.11773049645390071 0.11631205673758865
13 0.4851063829787234 0.3262411347517731 0.1148936170212766 0.11347517730496454
13 0.573758865248227 0.3588652482269504 0.11347517730496454 0.11063829787234042
13 0.6581560283687943 0.39290780141843973 0.11347517730496454 0.11205673758865248