13 0.5127659574468085 0.1226950354609929 0.09361702127659574 0.08652482269503546
13 0.33191489361702126 0.21843971631205675 0.09787234042553192 0.09361702127659574
13 0.5836879432624114 0.2822695035460993 0.0950354609929078 0.08936170212765958
13 0.3645390070921986 0.3049645390070922 0.09645390070921986 0.08652482269503546
13 0.40354609929078017 0.3879432624113475 0.09929078014184398 0.08936170212765958
13 0.4368794326241135 0.474468085106383 0.09929078014184398 0.09078014184397164
13 0.4702127659574468 0.5609929078014184 0.10070921985815603 0.08794326241134752
13 0.5056737588652482 0.6460992907801418 0.09787234042553192 0.08794326241134752
13 0.5411347517730496 0.7368794326241135 0.10354609929078014 0.09219858156028368
13 0.574468085106383 0.826950354609929 0.09787234042553192 0.08794326241134752
13 0.6141843971631206 0.9191489361702128 0.10212765957446808 0.0950354609929078
13 0.6170212765957447 0.3709219858156028 0.09787234042553192 0.09219858156028368
13 0.6531914893617021 0.4574468085106383 0.10070921985815603 0.08794326241134752
13 0.6858156028368795 0.5425531914893617 0.09787234042553192 0.09078014184397164